0
0
0
0
0
0
0
0
0
0
0
0
0
0
0
0
0
0
0
0
1
1
1
1
1
1
1
1
1
1
1
1
1
1
1
1
1
1
1
1
1
1
1
1
1
2
2
2
2
2
2
2
2
2
2
2
2
2
2
2
2
2
2
2
2
3
3
3
3
3
3
3
3
3
3
3
3
3
3
3
3
3
3
3
3
3
3
3
3
3
4
4
4
4
4
4
4
4
4
4
4
4
4
4
4
4
4
4
4
4
4
5
5
5
5
5
5
5
5
5
5
5
5
5
5
5
5
5
5
5
5
5
5
5
5
6
6
6
6
6
6
6
6
6
6
6
6
6
6
6
6
6
6
6
6
6
6
6
7
7
7
7
7
7
7
7
7
7
7
7
7
7
7
7
7
7
7
7
7
7
7
7
7
7
7
8
8
8
8
8
8
8
8
8
8
8
8
8
8
8
8
8
8
8
8
8
8
8
8
8
8
8
8
8
8
8
8
9
9
9
9
9
9
9
9
9
9
9
9
9
9
9
9
9
9
9
9
9
9
9
9
9
9
9
9
9
9
9
10
10
10
10
10
10
10
10
10
10
10
10
10
10
10
10
10
10
10
10
10
10
10
10
10
10
10
10
10
11
11
11
11
11
11
11
11
11
11
11
11
11
11
11
11
11
11
11
11
11
11
11
11
11
11
12
12
12
12
12
12
12
12
12
12
12
12
12
12
12
12
12
12
12
12
12
12
13
13
13
13
13
13
13
13
13
13
13
13
13
13
13
13
13
13
13
13
13
13
13
13
13
13
13
13
13
14
14
14
14
14
14
14
14
14
14
14
14
14
14
15
15
15
15
15
15
15
15
15
15
15
15
15
15
15
15
15
15
15
15
15
15
16
16
16
16
16
16
16
16
16
16
16
16
16
16
16
16
16
16
17
17
17
17
17
17
17
17
17
17
17
17
17
17
17
17
17
17
17
17
18
18
18
18
18
18
18
18
18
18
18
18
18
18
18
18
18
18
18
18
18
18
18
19
19
19
19
19
19
19
19
19
19
19
19
19
19
19
19
19
19
19
19
19
20
20
20
20
20
20
20
20
20
20
20
20
20
20
20
20
20
20
21
21
21
21
21
21
21
21
21
21
21
21
21
21
21
21
21
21
21
21
21
22
22
22
22
22
22
22
22
22
22
22
22
22
22
22
22
22
22
22
22
22
22
22
22
23
23
23
23
23
23
23
23
23
23
23
23
23
23
23
23
23
23
23
23
23
24
24
24
24
24
24
24
24
24
24
24
24
24
24
24
24
24
24
24
24
24
24
25
25
25
25
25
25
25
25
25
25
25
25
25
25
25
25
25
25
26
26
26
26
26
26
26
26
26
26
26
26
26
26
26
26
26
26
26
26
26
26
26
26
26
27
27
27
27
27
27
27
27
27
27
27
27
27
27
27
27
27
27
27
27
27
27
27
28
28
28
28
28
28
28
28
28
28
28
28
28
28
28
28
28
28
28
28
28
29
29
29
29
29
29
29
29
29
29
29
29
29
29
29
29
29
29
29
29
30
30
30
30
30
30
30
30
30
30
30
30
30
30
30
30
30
30
31
31
31
31
31
31
31
31
31
31
31
31
31
31
31
31
32
32
32
32
32
32
32
32
32
32
32
32
32
32
32
32
32
32
32
32
32
32
32
33
33
33
33
33
33
33
33
33
33
33
33
33
33
33
33
33
33
33
33
33
33
33
33
33
34
34
34
34
34
34
34
34
34
34
34
34
34
34
34
34
34
34
34
35
35
35
35
35
35
35
35
35
35
35
35
35
35
35
35
35
35
35
35
35
35
36
36
36
36
36
36
36
36
36
36
36
36
36
36
36
36
36
36
36
36
36
36
36
36
37
37
37
37
37
37
37
37
37
37
37
37
37
37
37
37
37
37
37
37
38
38
38
38
38
38
38
38
38
38
38
38
38
38
38
38
38
38
38
38
38
38
39
39
39
39
39
39
39
39
39
39
39
39
39
39
39
39
39
39
39
39
39
39
40
40
40
40
40
40
40
40
40
40
40
40
40
40
40
40
40
40
40
40
40
40
40
40
40
40
40
40
40
41
41
41
41
41
41
41
41
41
41
41
41
41
41
42
42
42
42
42
42
42
42
42
42
42
42
42
42
42
42
42
42
42
42
42
42
42
42
42
42
42
42
42
42
42
43
43
43
43
43
43
43
43
43
43
43
43
43
43
43
43
43
43
43
43
43
43
43
43
43
43
43
44
44
44
44
44
44
44
44
44
44
44
44
44
44
44
44
44
44
44
44
44
44
45
45
45
45
45
45
45
45
45
45
45
45
45
45
45
45
45
45
45
45
45
46
46
46
46
46
46
46
46
46
46
46
46
46
46
46
46
46
46
46
47
47
47
47
47
47
47
47
47
47
47
47
47
47
47
47
47
47
48
48
48
48
48
48
48
48
48
48
48
48
48
49
49
49
49
49
49
49
49
49
49
49
49
49
49
49
49
49
49
49
50
50
50
50
50
50
50
50
50
50
50
50
50
50
50
50
50
50
51
51
51
51
51
51
51
51
51
51
51
51
51
51
51
51
51
51
51
51
51
51
51
52
52
52
52
52
52
52
52
52
52
52
52
52
52
52
52
52
52
52
52
52
52
53
53
53
53
53
53
53
53
53
53
53
53
53
53
53
53
53
53
53
53
53
53
54
54
54
54
54
54
54
54
54
54
54
54
54
54
54
54
54
54
54
54
54
54
54
55
55
55
55
55
55
55
55
55
55
55
55
55
55
55
55
55
55
55
55
55
55
55
55
55
55
55
55
56
56
56
56
56
56
56
56
56
56
56
56
56
56
56
56
56
56
56
56
57
57
57
57
57
57
57
57
57
57
57
57
57
57
57
57
57
57
57
57
57
57
57
57
57
57
57
58
58
58
58
58
58
58
58
58
58
58
58
58
58
58
58
58
58
59
59
59
59
59
59
59
59
59
59
59
59
59
59
59
59
59
59
59
59
59
59
59
60
60
60
60
60
60
60
60
60
60
60
60
60
61
61
61
61
61
61
61
61
61
61
61
61
61
61
61
61
61
61
61
61
61
61
61
61
61
62
62
62
62
62
62
62
62
62
62
62
62
62
62
62
62
63
63
63
63
63
63
63
63
63
63
63
63
63
63
63
63
64
64
64
64
64
64
64
64
64
64
64
64
64
64
64
64
64
64
65
65
65
65
65
65
65
65
65
65
65
65
65
65
65
65
65
65
65
65
65
65
65
65
65
65
65
65
65
66
66
66
66
66
66
66
66
66
66
66
66
66
66
66
66
66
66
67
67
67
67
67
67
67
67
67
67
67
67
67
67
67
67
67
67
67
67
67
67
67
67
67
67
68
68
68
68
68
68
68
68
68
68
68
68
68
68
68
68
68
68
68
68
68
68
68
69
69
69
69
69
69
69
69
69
69
69
69
69
69
69
69
69
69
69
69
69
69
69
70
70
70
70
70
70
70
70
70
70
70
70
70
70
70
70
70
70
70
70
70
70
71
71
71
71
71
71
71
71
71
71
71
71
71
71
71
72
72
72
72
72
72
72
72
72
72
72
72
72
72
72
72
73
73
73
73
73
73
73
73
73
73
73
73
73
73
73
73
73
73
73
73
73
74
74
74
74
74
74
74
74
74
74
74
74
74
74
74
74
74
74
74
74
74
74
74
74
74
74
74
74
75
75
75
75
75
75
75
75
75
75
75
75
75
75
75
75
75
75
75
75
75
75
76
76
76
76
76
76
76
76
76
76
76
76
76
76
76
76
76
76
76
76
77
77
77
77
77
77
77
77
77
77
77
77
77
77
77
77
77
77
78
78
78
78
78
78
78
78
78
78
78
78
78
78
78
78
78
78
78
78
78
78
78
78
79
79
79
79
79
79
79
79
79
79
79
79
79
79
79
79
79
79
79
79
79
79
79
79
79
79
79
79
79
80
80
80
80
80
80
80
80
80
80
80
80
80
80
80
80
80
80
80
80
80
81
81
81
81
81
81
81
81
81
81
81
81
81
81
81
81
81
81
81
81
81
81
81
81
81
82
82
82
82
82
82
82
82
82
82
82
82
82
82
82
82
83
83
83
83
83
83
83
83
83
83
83
83
83
83
83
83
83
84
84
84
84
84
84
84
84
84
84
84
84
84
84
84
84
84
84
84
84
84
84
84
84
84
84
84
84
84
84
85
85
85
85
85
85
85
85
85
85
85
85
85
85
85
85
85
85
85
85
85
85
85
85
86
86
86
86
86
86
86
86
86
86
86
86
86
86
86
86
86
86
86
86
86
87
87
87
87
87
87
87
87
87
87
87
87
87
87
87
87
87
87
87
87
87
88
88
88
88
88
88
88
88
88
88
88
88
88
88
88
88
88
88
88
88
88
88
88
88
88
88
89
89
89
89
89
89
89
89
89
89
89
89
89
89
89
89
89
89
89
90
90
90
90
90
90
90
90
90
90
90
90
90
90
90
90
90
90
90
90
90
90
90
90
90
90
90
90
90
90
90
90
90
90
90
91
91
91
91
91
91
91
91
91
91
91
91
91
91
91
91
91
91
91
91
91
92
92
92
92
92
92
92
92
92
92
92
92
92
92
92
92
92
92
92
92
92
92
92
92
92
93
93
93
93
93
93
93
93
93
93
93
93
93
93
93
93
93
93
93
93
93
93
94
94
94
94
94
94
94
94
94
94
94
94
94
94
94
94
94
94
94
94
94
94
94
94
95
95
95
95
95
95
95
95
95
95
95
95
95
95
95
95
95
95
95
95
95
95
95
95
95
96
96
96
96
96
96
96
96
96
96
96
96
96
96
96
96
96
96
96
96
96
96
97
97
97
97
97
97
97
97
97
97
97
97
97
97
97
97
97
97
97
97
97
97
98
98
98
98
98
98
98
98
98
98
98
98
98
98
98
98
98
98
98
98
98
98
99
99
99
99
99
99
99
99
99
99
99
99
99
99
99
99
99
99
99
99
99
99
99
100
100
100
102
102
102
102
103
103
103
104
104
104
104
104
105
106
106
106
107
107
107
107
107
107
108
108
108
109
109
110
110
111
111
113
113
114
115
115
115
116
116
116
118
119
121
121
122
122
122
123
124
124
125
126
126
127
128
128
129
129
129
131
131
131
133
133
133
133
134
134
134
135
135
136
136
137
138
139
139
139
140
141
141
141
141
141
141
142
143
144
144
145
145
145
146
146
146
147
147
148
148
149
149
149
150
150
152
152
152
153
153
153
153
153
153
155
155
155
156
157
157
158
158
158
158
158
159
159
160
160
161
161
161
161
162
162
162
162
163
164
164
164
166
166
166
167
167
167
168
168
168
169
169
171
171
171
172
172
172
173
173
173
173
174
174
174
174
174
175
175
175
176
176
177
177
177
177
178
179
179
180
182
182
182
182
183
183
183
183
184
184
185
186
186
186
186
187
187
187
188
188
188
189
189
190
190
190
191
191
192
192
192
192
193
193
194
194
195
196
196
196
197
197
197
198
198
198
200
200
202
203
204
204
204
205
206
206
206
206
206
207
207
207
208
208
208
208
209
211
211
211
211
211
211
212
212
213
214
216
217
217
217
217
218
220
220
220
220
221
221
221
222
222
222
222
222
223
224
224
224
225
227
227
227
228
228
229
230
230
230
231
231
233
234
234
234
235
235
236
236
236
236
236
237
237
237
237
237
237
237
237
238
238
239
239
239
239
240
240
240
240
242
243
244
245
245
246
246
247
247
248
248
248
249
250
250
251
252
252
253
253
253
254
254
255
255
256
256
256
256
257
257
258
259
259
259
259
259
260
261
261
261
261
262
262
262
263
263
263
264
265
265
265
265
265
266
266
267
267
267
268
269
269
269
270
270
271
271
271
271
271
272
272
273
273
274
274
275
276
276
276
276
276
277
277
279
279
280
281
281
281
281
281
282
282
283
284
284
285
286
286
286
286
286
286
287
287
287
287
288
288
288
289
289
289
289
289
289
290
290
291
291
291
292
292
293
293
293
293
293
294
294
295
295
297
297
298
298
298
299
299
300
300
301
301
301
302
302
303
304
304
304
304
305
305
306
307
307
307
308
309
310
311
311
311
312
312
312
312
313
314
314
314
314
314
314
315
315
315
316
316
317
317
317
317
317
319
319
319
319
320
320
320
321
321
322
322
322
322
323
323
324
324
325
325
325
325
327
329
330
330
330
330
330
330
331
331
331
332
332
333
333
334
334
335
336
336
337
337
337
337
339
339
340
341
342
343
344
344
344
344
345
345
345
346
347
347
347
348
348
348
348
350
350
351
352
353
353
354
355
355
355
355
356
358
359
360
361
362
363
363
363
364
364
364
365
365
365
366
368
369
369
369
370
370
370
371
373
373
373
374
374
374
374
375
375
376
376
376
377
378
378
378
378
378
379
379
379
379
380
381
382
382
382
382
383
383
383
384
384
384
384
385
386
386
387
387
388
388
389
390
390
391
391
391
392
393
393
393
394
395
395
395
395
395
396
397
397
397
397
397
398
398
398
399
400
400
400
400
400
401
401
401
401
403
405
405
405
405
406
407
407
407
407
407
408
408
409
409
410
410
410
410
411
411
412
412
412
412
412
412
412
415
415
416
416
417
417
417
418
419
419
419
419
419
421
422
422
423
423
423
424
425
425
426
426
427
427
428
428
428
429
431
431
432
433
434
434
435
435
435
435
436
437
437
437
438
438
438
439
440
440
441
441
442
442
442
443
444
444
445
445
445
445
445
446
446
446
446
447
447
447
447
448
449
449
449
450
450
450
451
451
451
452
452
452
453
453
453
454
454
454
455
455
457
457
457
458
458
459
459
460
460
460
463
464
466
466
467
467
468
468
468
468
469
469
469
469
470
470
470
471
471
471
471
471
472
472
472
472
473
473
473
473
474
475
476
476
476
476
477
477
477
477
478
478
479
479
479
479
480
481
481
481
481
482
482
482
482
482
483
483
483
483
483
483
484
484
484
485
486
487
487
488
488
488
489
489
489
489
489
490
490
491
491
491
491
492
492
492
492
493
493
494
494
495
495
496
497
498
499
500
501
501
501
502
503
504
504
504
506
506
506
507
507
507
508
508
509
509
509
510
510
510
511
512
512
513
513
514
515
515
515
517
517
517
518
519
519
520
520
522
522
522
523
523
524
524
524
525
525
525
525
527
527
527
527
527
528
528
528
528
529
529
529
532
532
532
532
533
534
534
534
535
535
535
536
536
537
538
538
539
540
540
540
540
541
542
542
542
543
543
543
544
545
545
545
545
547
547
548
548
548
549
549
549
550
551
551
552
552
552
552
552
553
554
554
554
555
555
556
556
556
556
557
557
557
557
557
557
557
557
558
558
558
558
559
559
559
559
559
559
560
560
560
560
560
561
561
562
563
563
563
564
564
565
566
566
567
568
568
568
568
569
570
570
570
570
570
570
573
573
574
574
574
575
575
576
576
576
577
577
577
577
577
577
578
578
579
581
581
582
582
583
583
584
585
586
586
586
586
587
588
588
588
589
589
589
589
590
590
591
591
591
591
591
591
592
593
593
593
594
594
594
597
597
597
597
597
598
598
598
601
601
602
602
602
604
604
604
605
605
605
606
606
607
607
608
608
610
610
611
612
612
613
614
614
614
615
615
615
615
616
616
618
619
619
620
620
621
621
621
621
623
623
624
624
626
626
628
628
628
629
630
630
630
630
630
631
631
631
632
632
634
634
634
634
634
634
637
639
639
639
640
640
641
641
642
643
644
645
645
646
646
646
646
646
646
647
647
647
647
647
647
648
649
649
650
650
650
651
651
651
652
652
653
654
655
656
656
657
657
658
658
658
659
659
659
659
660
660
660
660
660
660
661
661
661
661
662
662
662
662
662
663
663
663
664
664
664
666
666
666
666
666
667
667
668
668
668
669
669
670
670
671
671
672
673
673
673
673
674
674
674
675
675
675
676
676
676
676
677
677
678
678
678
679
680
681
681
681
682
684
684
684
685
686
686
686
687
687
687
688
688
688
689
689
689
690
691
692
693
693
696
696
696
696
696
696
699
699
699
700
700
700
700
701
701
701
701
702
702
703
703
703
703
703
704
704
704
705
705
706
707
707
707
708
708
709
709
710
711
711
712
712
712
712
713
713
714
714
714
714
715
715
715
716
716
717
717
718
718
719
719
720
720
720
720
721
722
723
723
723
724
725
725
726
726
727
727
727
729
729
729
729
730
730
730
730
730
731
731
731
732
732
732
733
734
735
735
735
737
738
738
738
739
739
740
740
740
740
740
741
741
741
742
742
742
744
744
744
744
745
745
745
745
746
746
746
747
748
749
749
749
749
749
749
750
750
751
751
752
752
753
754
754
754
754
759
760
760
760
760
760
761
761
761
761
761
761
762
763
763
764
765
765
765
765
766
766
768
769
769
769
770
770
771
771
773
773
773
773
773
774
775
775
775
775
775
776
776
776
777
777
778
778
778
778
779
779
779
780
780
780
781
781
782
782
783
783
783
783
784
784
786
786
787
787
787
788
788
788
789
789
790
790
791
792
792
793
793
794
794
794
794
795
795
796
798
798
798
799
801
801
801
801
802
802
802
802
802
802
803
803
803
804
805
805
805
805
806
806
807
807
807
807
808
809
810
810
810
811
811
812
812
813
813
813
814
815
815
815
816
816
816
816
816
817
817
819
819
820
820
820
821
822
822
823
823
824
824
824
825
826
826
826
826
828
828
831
831
831
832
832
832
833
833
834
835
835
835
835
836
836
837
837
838
838
839
839
839
839
839
840
841
842
842
842
842
842
843
843
843
844
844
845
846
847
847
847
847
847
849
849
849
850
851
851
852
852
854
854
854
854
855
855
856
856
856
857
857
857
858
859
859
859
859
860
860
861
861
861
862
863
864
865
866
867
867
867
868
868
868
869
869
869
870
870
871
871
873
874
874
875
876
876
876
876
876
877
877
878
878
879
879
879
879
880
881
881
881
882
883
883
883
884
885
886
886
887
887
888
888
889
889
889
890
890
891
891
891
891
891
892
893
893
893
894
894
894
895
895
895
895
895
896
896
896
897
898
899
899
899
900
900
900
900
900
901
901
902
903
903
905
905
905
906
906
906
907
907
909
909
909
909
910
911
912
912
913
913
913
914
914
915
915
915
915
915
915
916
917
917
918
918
918
918
918
918
918
919
919
919
919
920
921
921
921
921
922
923
924
925
926
926
926
927
928
928
928
930
930
931
932
933
934
935
937
938
938
938
939
939
940
940
943
943
943
944
944
944
944
945
945
945
946
946
947
947
947
948
948
949
950
951
951
952
953
954
954
954
954
954
955
955
955
955
956
956
956
956
956
956
957
957
957
957
958
959
959
959
960
960
960
960
961
961
962
962
963
963
964
964
966
966
966
967
967
967
968
968
968
968
968
969
970
971
971
972
972
972
973
973
973
973
973
973
973
974
974
974
975
975
976
976
976
976
976
977
977
977
977
978
978
979
979
980
980
980
981
981
981
981
981
982
982
982
983
984
985
986
987
988
988
988
989
989
989
989
990
991
991
991
993
993
993
993
994
994
995
996
997
997
997
997
998
998
998
998
998
1007
1012
1019
1028
1028
1030
1030
1032
1044
1048
1050
1052
1061
1063
1065
1067
1072
1074
1078
1084
1085
1087
1093
1099
1100
1102
1107
1108
1113
1115
1120
1124
1135
1143
1146
1147
1148
1151
1163
1177
1182
1185
1187
1192
1205
1217
1223
1224
1225
1230
1233
1237
1237
1237
1239
1240
1243
1248
1255
1255
1257
1263
1272
1274
1277
1281
1290
1294
1295
1312
1314
1315
1316
1323
1324
1325
1332
1333
1336
1350
1351
1356
1358
1364
1367
1370
1374
1376
1377
1379
1380
1389
1390
1403
1407
1418
1421
1422
1422
1424
1427
1428
1431
1434
1434
1438
1459
1459
1466
1470
1473
1473
1479
1481
1483
1488
1488
1490
1491
1498
1511
1515
1516
1520
1524
1526
1533
1537
1539
1546
1553
1553
1557
1562
1566
1568
1569
1571
1571
1574
1576
1579
1583
1593
1594
1597
1603
1605
1609
1622
1631
1632
1634
1642
1645
1645
1648
1663
1666
1676
1679
1680
1686
1689
1698
1706
1712
1715
1716
1718
1719
1719
1724
1725
1731
1734
1735
1745
1747
1752
1756
1758
1758
1760
1770
1774
1776
1782
1788
1789
1789
1791
1792
1796
1800
1804
1808
1814
1826
1834
1834
1837
1840
1843
1846
1846
1849
1857
1867
1874
1874
1877
1881
1883
1885
1890
1902
1915
1915
1917
1919
1920
1930
1934
1936
1939
1947
1948
1950
1956
1957
1961
1969
1977
1983
2001
2004
2004
2011
2014
2019
2035
2042
2043
2044
2045
2050
2050
2059
2060
2063
2070
2075
2105
2106
2112
2115
2121
2121
2126
2134
2141
2148
2151
2160
2170
2182
2182
2182
2195
2203
2204
2210
2217
2222
2222
2222
2223
2230
2230
2231
2231
2232
2234
2244
2254
2263
2276
2276
2280
2285
2291
2295
2295
2302
2305
2306
2315
2327
2327
2329
2334
2338
2345
2347
2348
2348
2349
2353
2361
2364
2366
2380
2384
2387
2387
2402
2402
2402
2404
2405
2407
2432
2435
2439
2441
2447
2447
2453
2453
2457
2457
2457
2462
2466
2468
2473
2475
2486
2491
2498
2504
2509
2512
2522
2525
2526
2539
2541
2551
2559
2559
2567
2577
2584
2586
2587
2591
2593
2599
2600
2604
2613
2613
2622
2628
2631
2634
2635
2641
2643
2648
2651
2661
2662
2668
2672
2674
2676
2678
2680
2687
2687
2693
2693
2695
2702
2705
2709
2722
2726
2731
2732
2739
2740
2743
2745
2763
2766
2767
2774
2777
2777
2789
2808
2821
2823
2831
2837
2837
2838
2839
2839
2843
2850
2851
2860
2860
2864
2869
2869
2873
2877
2880
2891
2898
2901
2903
2909
2913
2922
2924
2934
2944
2956
2961
2970
2977
2978
2982
2995
3002
3004
3005
3011
3011
3013
3016
3020
3023
3026
3033
3036
3037
3037
3037
3038
3045
3047
3055
3060
3067
3069
3072
3072
3079
3084
3085
3088
3096
3096
3102
3102
3104
3106
3114
3115
3115
3122
3123
3144
3145
3153
3155
3158
3158
3159
3159
3166
3171
3180
3188
3191
3195
3197
3200
3203
3212
3213
3214
3221
3235
3239
3241
3263
3265
3266
3267
3275
3289
3290
3294
3296
3302
3304
3329
3331
3336
3342
3348
3350
3357
3362
3363
3368
3376
3378
3383
3390
3392
3396
3396
3400
3404
3405
3407
3412
3423
3424
3424
3425
3425
3439
3443
3444
3449
3456
3459
3461
3465
3466
3469
3469
3475
3475
3476
3477
3477
3482
3489
3494
3497
3497
3498
3518
3519
3520
3521
3528
3531
3547
3550
3553
3561
3562
3565
3565
3577
3586
3586
3589
3594
3600
3602
3602
3611
3612
3613
3622
3623
3626
3630
3641
3644
3644
3646
3652
3652
3652
3655
3657
3661
3662
3676
3676
3686
3688
3689
3690
3709
3716
3716
3717
3718
3722
3734
3735
3736
3739
3753
3756
3766
3768
3768
3772
3783
3783
3786
3786
3805
3807
3811
3815
3815
3818
3818
3819
3826
3834
3835
3835
3845
3845
3848
3848
3862
3866
3882
3884
3887
3890
3896
3896
3905
3918
3923
3926
3927
3928
3928
3945
3955
3956
3958
3963
3967
3969
3972
3989
3990
3994
4006
4006
4011
4015
4016
4019
4020
4023
4026
4028
4037
4037
4054
4054
4057
4064
4071
4086
4086
4087
4097
4100
4100
4100
4101
4109
4110
4111
4116
4117
4124
4124
4133
4135
4135
4143
4143
4145
4150
4151
4153
4161
4164
4165
4171
4174
4182
4188
4192
4202
4205
4206
4207
4212
4223
4224
4224
4229
4249
4258
4259
4260
4264
4266
4268
4276
4283
4299
4305
4306
4311
4314
4315
4316
4319
4325
4326
4333
4334
4337
4337
4338
4339
4341
4343
4355
4361
4369
4387
4402
4409
4413
4431
4431
4436
4437
4437
4440
4447
4453
4460
4464
4468
4475
4475
4482
4494
4498
4509
4516
4523
4528
4531
4534
4534
4536
4538
4538
4539
4541
4541
4542
4546
4546
4548
4550
4551
4553
4564
4576
4582
4583
4584
4590
4591
4596
4599
4599
4599
4602
4603
4604
4612
4615
4617
4627
4629
4630
4630
4630
4631
4652
4664
4667
4676
4680
4683
4689
4690
4698
4705
4709
4714
4734
4746
4748
4750
4750
4761
4764
4770
4777
4778
4779
4780
4782
4790
4790
4792
4794
4796
4808
4809
4817
4831
4843
4845
4850
4851
4852
4854
4867
4878
4879
4881
4885
4888
4890
4898
4899
4906
4919
4924
4947
4948
4952
4954
4961
4983
4984
4991
4999
5003
5007
5011
5025
5039
5039
5040
5043
5049
5049
5057
5058
5069
5070
5071
5072
5074
5081
5081
5090
5094
5100
5118
5119
5120
5123
5126
5131
5131
5133
5133
5141
5145
5146
5147
5148
5151
5154
5168
5168
5175
5180
5183
5186
5188
5188
5191
5191
5197
5200
5203
5203
5210
5212
5215
5219
5222
5223
5226
5233
5234
5240
5240
5246
5251
5252
5259
5261
5262
5270
5272
5273
5283
5284
5284
5285
5289
5292
5303
5303
5305
5313
5327
5328
5335
5347
5347
5352
5357
5360
5367
5371
5372
5381
5383
5386
5388
5396
5396
5397
5403
5409
5414
5414
5419
5429
5430
5432
5439
5444
5446
5448
5449
5450
5455
5458
5459
5461
5465
5469
5472
5472
5473
5483
5485
5498
5501
5503
5503
5508
5510
5512
5513
5518
5525
5528
5534
5542
5544
5553
5568
5577
5578
5581
5581
5584
5585
5587
5598
5607
5610
5611
5613
5616
5617
5618
5621
5623
5627
5634
5636
5637
5638
5638
5641
5644
5649
5656
5658
5661
5664
5670
5679
5680
5689
5690
5694
5695
5699
5703
5707
5709
5719
5719
5725
5743
5754
5754
5754
5766
5770
5774
5777
5781
5786
5786
5786
5788
5789
5790
5790
5795
5796
5812
5813
5817
5833
5842
5843
5847
5848
5848
5850
5854
5858
5858
5858
5865
5866
5871
5871
5876
5879
5881
5885
5894
5909
5909
5914
5917
5922
5926
5930
5933
5933
5941
5944
5947
5947
5948
5949
5949
5950
5951
5953
5960
5970
5972
5976
5978
5981
5983
5985
5985
5986
5988
6003
6004
6005
6007
6009
6020
6023
6023
6036
6036
6037
6047
6048
6049
6051
6068
6078
6086
6091
6099
6101
6103
6104
6105
6105
6109
6116
6123
6123
6130
6133
6134
6136
6136
6142
6145
6153
6159
6163
6174
6175
6191
6206
6207
6213
6215
6223
6239
6241
6243
6246
6247
6248
6256
6259
6279
6280
6283
6298
6302
6306
6309
6311
6324
6324
6325
6328
6342
6344
6346
6358
6360
6363
6364
6367
6367
6381
6384
6389
6390
6400
6401
6416
6434
6444
6446
6446
6447
6449
6452
6456
6457
6458
6464
6476
6479
6485
6494
6497
6500
6500
6501
6505
6510
6514
6519
6530
6533
6535
6536
6538
6539
6557
6560
6571
6572
6574
6589
6591
6593
6597
6603
6606
6620
6621
6622
6634
6639
6640
6643
6657
6664
6672
6680
6681
6682
6686
6706
6709
6710
6719
6724
6737
6741
6746
6748
6749
6751
6754
6757
6758
6759
6763
6768
6768
6769
6771
6778
6785
6787
6790
6794
6805
6806
6807
6808
6825
6825
6828
6835
6842
6849
6865
6872
6874
6877
6885
6892
6896
6899
6900
6901
6911
6912
6913
6920
6928
6930
6934
6943
6946
6959
6962
6963
6969
6969
6971
6974
6977
6981
6991
6994
7006
7006
7009
7010
7014
7017
7020
7028
7038
7043
7049
7055
7056
7059
7060
7061
7066
7067
7068
7078
7078
7079
7082
7103
7105
7110
7114
7117
7121
7132
7133
7134
7143
7146
7148
7149
7149
7151
7152
7154
7155
7157
7157
7159
7159
7164
7169
7174
7180
7181
7194
7196
7206
7206
7212
7221
7223
7224
7229
7229
7232
7237
7241
7243
7254
7270
7276
7278
7290
7295
7310
7319
7324
7339
7347
7351
7359
7368
7369
7372
7374
7379
7380
7384
7384
7387
7388
7392
7394
7397
7401
7414
7420
7421
7423
7428
7428
7428
7429
7430
7432
7433
7434
7440
7453
7460
7461
7468
7476
7477
7479
7481
7484
7485
7496
7503
7510
7517
7519
7522
7522
7524
7530
7546
7550
7550
7550
7552
7561
7564
7572
7574
7581
7590
7594
7597
7599
7599
7602
7602
7605
7608
7610
7620
7624
7625
7626
7640
7640
7641
7650
7652
7653
7655
7667
7669
7677
7683
7690
7695
7697
7723
7728
7728
7728
7735
7741
7744
7749
7750
7758
7758
7772
7777
7785
7786
7788
7795
7796
7796
7799
7806
7814
7817
7818
7824
7829
7831
7835
7837
7837
7857
7859
7868
7876
7881
7886
7901
7916
7933
7941
7951
7953
7964
7964
7973
7975
7975
7976
7989
7990
7996
7996
7998
8001
8008
8013
8016
8018
8019
8020
8022
8023
8028
8028
8034
8040
8046
8050
8054
8059
8061
8077
8083
8083
8084
8093
8093
8094
8104
8109
8114
8119
8125
8126
8126
8130
8136
8145
8148
8171
8176
8186
8186
8204
8205
8218
8220
8231
8235
8236
8239
8240
8246
8247
8247
8247
8248
8248
8249
8252
8252
8257
8259
8266
8273
8273
8277
8277
8280
8290
8291
8292
8300
8322
8326
8328
8328
8331
8335
8336
8347
8351
8352
8360
8369
8371
8382
8382
8383
8386
8389
8390
8390
8400
8400
8410
8415
8425
8428
8429
8441
8444
8444
8448
8477
8485
8497
8500
8508
8511
8512
8516
8519
8522
8531
8543
8560
8561
8562
8580
8581
8592
8593
8635
8643
8658
8663
8666
8686
8687
8687
8696
8698
8702
8706
8712
8717
8718
8720
8730
8734
8735
8745
8752
8754
8759
8764
8781
8781
8782
8784
8802
8814
8820
8826
8831
8831
8833
8839
8843
8843
8853
8867
8869
8877
8879
8880
8880
8894
8898
8906
8908
8910
8911
8912
8914
8918
8919
8923
8926
8926
8934
8937
8937
8941
8946
8965
8968
8974
8983
8986
8992
8996
9007
9015
9019
9022
9023
9025
9033
9035
9042
9046
9057
9058
9070
9070
9093
9095
9101
9104
9106
9112
9113
9113
9114
9116
9117
9120
9121
9132
9142
9145
9145
9146
9148
9149
9154
9157
9159
9164
9166
9169
9171
9172
9174
9176
9178
9179
9184
9186
9190
9191
9194
9194
9198
9204
9205
9205
9205
9208
9210
9229
9233
9236
9240
9249
9254
9255
9259
9261
9261
9262
9265
9266
9283
9284
9292
9294
9302
9312
9318
9318
9322
9330
9333
9334
9343
9343
9348
9349
9357
9368
9369
9372
9380
9389
9391
9398
9399
9401
9405
9411
9411
9416
9423
9424
9424
9434
9436
9440
9445
9452
9455
9459
9461
9461
9463
9464
9469
9476
9483
9489
9490
9490
9492
9494
9498
9498
9505
9515
9520
9522
9525
9526
9532
9538
9541
9541
9549
9553
9562
9564
9589
9592
9595
9609
9610
9614
9615
9631
9632
9636
9643
9647
9652
9654
9661
9664
9666
9667
9673
9675
9679
9680
9682
9683
9685
9690
9694
9704
9704
9710
9712
9715
9716
9717
9733
9733
9744
9749
9751
9753
9756
9757
9768
9769
9773
9784
9792
9796
9802
9807
9809
9811
9813
9819
9820
9822
9826
9828
9833
9837
9837
9841
9843
9848
9855
9857
9864
9869
9870
9871
9872
9874
9877
9877
9889
9893
9902
9911
9911
9911
9916
9918
9923
9930
9935
9939
9945
9962
9966
9979
9991
9997
10019
10146
10320
10351
10453
10548
10601
10695
10800
10837
10879
10948
11039
11050
11063
11074
11087
11089
11132
11216
11242
11243
11335
11428
11639
11707
11730
11732
11764
11772
11776
11788
11809
11846
11901
11997
12029
12248
12284
12350
12359
12493
12600
12648
12655
12761
12921
12957
13065
13073
13128
13170
13216
13219
13250
13314
13330
13432
13446
13452
13563
13565
13568
13573
13624
13741
13751
13762
13816
13898
13912
13923
13932
13935
13959
13971
13973
14040
14106
14253
14293
14305
14368
14390
14402
14426
14490
14525
14536
14605
14672
14710
14748
14785
14842
14860
14951
14990
15039
15096
15130
15169
15173
15206
15218
15265
15309
15321
15372
15416
15454
15483
15510
15630
15688
15693
15729
15791
15794
15882
15912
15947
16005
16071
16199
16263
16280
16339
16355
16439
16517
16534
16546
16590
16647
16698
16735
16810
16893
16919
16961
16990
17066
17073
17156
17244
17263
17313
17370
17479
17503
17551
17554
17591
17600
17603
17606
17762
17771
17801
17845
17902
18003
18018
18025
18180
18211
18230
18287
18291
18299
18354
18379
18393
18480
18495
18501
18516
18565
18609
18743
18747
18764
18787
18851
19010
19175
19287
19288
19414
19482
19525
19529
19551
19570
19615
19655
19675
19836
19855
19869
19913
19945
20011
20033
20037
20200
20222
20230
20267
20277
20350
20367
20377
20380
20493
20518
20594
20628
20662
20739
20747
20764
20846
20899
20913
20930
21006
21035
21040
21058
21163
21176
21205
21224
21256
21316
21338
21348
21365
21456
21468
21482
21582
21608
21712
21882
21955
22031
22122
22311
22322
22330
22368
22402
22494
22495
22508
22531
22583
22602
22628
22745
22757
22800
22859
22948
22973
22997
23157
23183
23215
23340
23413
23466
23590
23673
23693
23766
23772
23773
23785
23785
23951
23953
24006
24100
24196
24235
24280
24381
24469
24492
24516
24523
24525
24530
24573
24606
24771
24779
24866
24871
24982
25075
25083
25108
25161
25202
25205
25414
25574
25615
25653
25829
25848
25901
25978
26010
26025
26082
26131
26338
26339
26344
26347
26358
26410
26416
26463
26612
26623
26647
26691
26696
26723
26812
26840
26862
26938
26941
26977
27002
27058
27125
27126
27179
27224
27271
27274
27422
27468
27523
27568
27668
27753
27775
27877
27929
28007
28076
28240
28308
28329
28335
28342
28369
28401
28457
28480
28586
28588
28664
28695
28696
28701
28784
28847
28868
28892
28903
28923
28935
29016
29083
29110
29157
29307
29343
29447
29465
29504
29534
29621
29767
29799
29802
29810
29874
29915
29976
29981
30034
30044
30069
30119
30128
30145
30160
30160
30168
30190
30212
30237
30299
30364
30453
30484
30491
30683
30756
30783
30796
30926
30984
30986
30987
31073
31116
31162
31162
31238
31242
31271
31285
31329
31331
31369
31396
31419
31472
31473
31479
31562
31764
31765
31807
31838
31863
31872
31886
31936
31952
31954
31962
31979
31989
32109
32139
32227
32247
32280
32322
32475
32521
32581
32662
32663
32666
32695
32739
32818
32842
33022
33029
33047
33201
33211
33254
33363
33388
33444
33485
33559
33567
33609
33655
33709
33759
33793
33805
33873
33936
33954
34296
34390
34548
34576
34633
34651
34744
34770
34786
34971
34985
34995
35047
35062
35067
35152
35161
35204
35218
35293
35329
35344
35456
35503
35517
35524
35593
35626
35644
35662
35691
35701
35744
35833
35879
35938
35950
36329
36339
36350
36394
36539
36592
36638
36667
36684
36833
36853
36862
36864
36896
36944
36959
36987
37047
37077
37135
37280
37358
37361
37403
37404
37404
37420
37482
37510
37573
37575
37624
37837
37854
37906
37914
37919
38028
38094
38096
38122
38197
38225
38230
38323
38346
38401
38461
38466
38467
38519
38543
38563
38622
38724
38767
38844
38913
38964
38973
39004
39044
39063
39118
39196
39232
39246
39337
39349
39370
39400
39411
39487
39500
39527
39663
39686
39743
39768
39782
39820
39872
39953
39978
40011
40040
40070
40139
40147
40280
40353
40381
40398
40487
40508
40520
40575
40634
40669
40698
40730
40812
40847
40912
41093
41134
41198
41204
41215
41219
41221
41246
41272
41277
41289
41305
41327
41341
41348
41356
41359
41387
41478
41615
41684
41702
41764
41766
41884
41932
41987
41993
42004
42032
42097
42246
42262
42289
42384
42429
42467
42498
42653
42700
42847
42853
42870
42888
42898
42904
42949
42961
43001
43040
43070
43085
43095
43178
43246
43281
43366
43398
43460
43468
43490
43531
43553
43587
43630
43651
43841
43850
43858
43955
43960
43963
44002
44049
44050
44052
44069
44078
44081
44184
44253
44257
44297
44344
44388
44411
44426
44493
44542
44576
44589
44599
44683
44709
44836
44869
44958
44995
44996
45023
45027
45142
45168
45275
45311
45369
45427
45456
45511
45560
45591
45623
45628
45642
45651
45662
45699
45729
45744
45836
45865
45882
45888
45938
45986
46032
46057
46081
46111
46142
46342
46360
46391
46496
46496
46511
46630
46673
46704
46714
46737
46746
46759
46774
46788
46788
46792
46797
46824
46828
46832
46851
46906
46995
47001
47014
47031
47144
47179
47208
47294
47365
47386
47487
47568
47576
47665
47685
47711
47747
47794
47848
47898
48030
48032
48110
48351
48442
48452
48492
48508
48527
48577
48585
48611
48669
48695
48797
48801
48808
48825
48881
48918
48929
48933
49024
49180
49216
49290
49322
49351
49410
49458
49537
49570
49615
49655
49680
49686
49699
49722
49743
49758
49776
49798
49800
49823
49981
50005
50048
50074
50092
50171
50224
50232
50271
50353
50420
50519
50587
50682
50702
50703
50728
50751
50832
50877
50891
50919
51012
51055
51160
51224
51254
51286
51287
51301
51304
51314
51320
51463
51471
51550
51582
51601
51735
51776
51872
51946
51959
51999
52102
52116
52122
52170
52181
52182
52192
52305
52346
52378
52419
52427
52444
52457
52485
52652
52718
52724
52786
52797
52875
52924
52955
52966
52971
53000
53036
53065
53102
53111
53203
53235
53249
53361
53372
53432
53583
53648
53672
53703
53719
53725
53798
53812
53823
53888
53953
53969
54072
54138
54143
54154
54186
54204
54237
54249
54258
54276
54295
54299
54305
54364
54384
54460
54485
54544
54547
54667
54695
54713
54720
54788
54799
54815
54882
54939
54941
54955
54988
55077
55204
55210
55238
55260
55261
55392
55404
55406
55450
55454
55457
55470
55474
55559
55586
55685
55740
55826
55830
55900
55930
55999
56086
56088
56109
56172
56179
56192
56192
56237
56253
56277
56309
56327
56380
56385
56432
56437
56463
56520
56536
56630
56639
56699
56715
56762
56787
56796
56833
56860
56860
56877
56888
56951
56960
56961
57004
57035
57046
57083
57129
57134
57267
57272
57288
57338
57391
57437
57457
57460
57494
57519
57545
57578
57685
57760
57835
57946
57958
58023
58070
58079
58182
58304
58312
58313
58325
58335
58379
58451
58518
58535
58550
58552
58603
58695
58723
58770
58847
58892
58929
58943
59003
59054
59123
59275
59436
59493
59522
59541
59732
59755
59844
59866
59928
59978
59983
60031
60043
60067
60149
60225
60238
60254
60258
60269
60340
60473
60476
60550
60581
60591
60644
60667
60695
60799
60865
60877
60907
60913
60918
60938
60992
61045
61139
61175
61260
61367
61407
61438
61498
61549
61583
61655
61681
61685
61731
61780
61835
62071
62168
62293
62308
62326
62370
62419
62480
62505
62522
62542
62620
62645
62646
62685
62803
62840
62859
62939
62992
63023
63027
63203
63213
63309
63321
63343
63403
63408
63456
63536
63640
63747
63858
63940
63967
64039
64050
64082
64095
64171
64208
64246
64273
64282
64288
64414
64467
64592
64670
64686
64840
64841
64845
64904
64923
64929
64959
64964
64973
64983
64999
65031
65053
65143
65170
65268
65528
65600
65631
65766
65766
65829
65915
65972
65981
66037
66118
66126
66137
66139
66141
66172
66183
66208
66233
66317
66317
66329
66331
66345
66353
66487
66602
66637
66670
66671
66717
66814
66839
66945
66977
66979
67051
67077
67104
67152
67154
67175
67205
67331
67370
67373
67433
67459
67488
67529
67556
67595
67644
67655
67703
67733
67809
67830
67877
67904
67966
68020
68054
68060
68085
68090
68135
68194
68228
68236
68239
68342
68350
68359
68372
68448
68542
68543
68685
68746
68748
68807
68841
68842
68854
68871
69034
69114
69146
69178
69220
69351
69409
69463
69474
69482
69539
69555
69623
69651
69679
69720
69729
69745
69754
69756
69770
69780
69782
69856
69862
69863
69877
69895
69970
70007
70050
70075
70143
70146
70180
70249
70256
70291
70292
70312
70369
70398
70414
70425
70433
70474
70509
70542
70641
70662
70819
70833
70939
70942
70944
71057
71092
71152
71203
71359
71416
71504
71507
71526
71530
71620
71716
71768
71787
71821
71906
71925
72018
72062
72063
72072
72166
72191
72434
72470
72534
72561
72588
72635
72721
72775
72781
72832
72833
72852
72906
73025
73079
73085
73154
73204
73228
73262
73311
73333
73354
73363
73501
73519
73550
73694
73718
73725
73726
73761
73827
73827
73839
73848
73907
73936
74030
74063
74093
74094
74154
74201
74291
74311
74360
74414
74566
74597
74608
74614
74691
74752
74763
74781
74809
74873
74974
74988
75035
75068
75083
75106
75113
75219
75225
75270
75321
75434
75458
75460
75513
75599
75627
75670
75815
75937
75940
75946
75971
76117
76165
76191
76217
76238
76257
76285
76307
76398
76429
76442
76442
76455
76496
76567
76579
76602
76760
76767
76849
76853
76972
77002
77013
77025
77082
77134
77192
77211
77256
77302
77308
77393
77456
77460
77474
77480
77508
77601
77633
77697
77735
77775
77804
77808
77925
78025
78042
78057
78174
78184
78200
78226
78255
78302
78310
78319
78355
78376
78458
78475
78518
78525
78592
78602
78635
78696
78761
78776
78822
78882
78886
78940
78941
79097
79133
79141
79313
79396
79424
79468
79518
79676
79728
79758
79904
79941
79944
79948
80119
80146
80169
80170
80172
80178
80223
80245
80301
80312
80316
80363
80375
80456
80475
80526
80529
80546
80588
80638
80686
80761
80772
80824
80833
80866
80890
80942
80995
81030
81120
81150
81155
81184
81188
81277
81336
81381
81531
81534
81534
81592
81624
81630
81659
81691
81756
81777
81782
81811
81824
81853
81880
81883
81925
81957
81967
82007
82039
82068
82135
82178
82292
82295
82342
82455
82473
82477
82477
82512
82520
82637
82675
82676
82741
82748
82775
82796
82820
82831
82916
82960
82981
83082
83087
83118
83217
83224
83282
83302
83339
83340
83342
83360
83378
83436
83468
83513
83553
83632
83691
83718
83729
83740
83748
83785
83823
83825
83829
83835
83995
84056
84211
84212
84269
84370
84441
84583
84641
84770
84805
84837
84941
85012
85038
85071
85095
85112
85343
85348
85359
85380
85392
85403
85448
85472
85525
85536
85560
85595
85625
85643
85699
85706
85757
85778
85797
85808
85812
85840
85854
85941
85974
85976
86075
86127
86178
86184
86229
86246
86361
86390
86393
86448
86481
86488
86505
86535
86586
86619
86644
86700
86818
86912
86913
87087
87138
87184
87192
87259
87333
87378
87384
87407
87424
87457
87488
87613
87740
87743
87747
87847
87869
87872
87889
87899
88013
88013
88113
88176
88216
88388
88398
88410
88416
88425
88477
88541
88551
88580
88745
88749
88763
88837
88840
88862
88888
88925
88956
88966
89019
89090
89122
89143
89163
89188
89278
89320
89356
89425
89478
89522
89561
89673
89676
89749
89755
89820
90016
90090
90095
90101
90133
90163
90242
90254
90302
90314
90373
90440
90698
90708
90711
90795
90803
90853
90935
90957
91031
91061
91117
91317
91320
91378
91443
91453
91469
91472
91488
91493
91528
91560
91563
91734
91742
91757
91765
91823
91828
91867
91954
92013
92070
92095
92112
92115
92244
92257
92300
92422
92446
92495
92564
92570
92582
92621
92622
92698
92779
92818
92826
92990
92992
92994
92996
93029
93090
93095
93114
93174
93219
93292
93317
93338
93391
93399
93445
93452
93478
93549
93775
93846
93917
93934
93938
93998
94021
94036
94050
94092
94099
94197
94215
94218
94302
94387
94497
94601
94628
94722
94723
94759
94766
94834
94895
94987
94990
95097
95150
95178
95195
95213
95314
95358
95370
95407
95454
95465
95511
95561
95737
95750
95789
95813
95929
95936
95962
95964
95970
96080
96159
96279
96383
96428
96460
96521
96550
96600
96646
96714
96724
96744
96785
96818
96859
96902
96928
96964
96966
97034
97035
97121
97139
97159
97210
97252
97266
97268
97278
97288
97336
97340
97442
97462
97551
97605
97625
97626
97631
97819
97851
97938
97980
98019
98062
98066
98101
98111
98115
98132
98135
98218
98242
98483
98642
98643
98721
98741
98743
98745
98783
98815
98857
98902
98929
99005
99016
99052
99109
99119
99153
99166
99202
99344
99352
99365
99395
99411
99416
99452
99513
99540
99543
99591
99666
99685
99689
99751
99758
99776
99778
99869
99907
100088
100759
101206
102242
102478
102883
103600
104593
106193
106398
106688
107322
107479
107517
107704
108187
109873
110793
111106
111492
111546
111681
111725
111909
112049
112207
115240
116492
116842
117165
117996
119238
119764
119861
120482
120661
122080
122468
123060
123421
123896
124798
124924
125114
125349
125362
125918
126186
126336
126682
126782
127442
128335
128728
128749
128858
129055
129516
129571
130099
131167
131557
131572
132194
132335
132364
133754
133755
134704
134908
135143
135925
136433
137796
138274
138455
140051
140105
140371
141203
141490
141611
142070
142816
143442
144220
145031
146377
147105
147122
147601
147629
147762
148449
148463
148695
148831
149880
150028
151906
153574
154083
154571
155499
155863
155900
158320
158401
158461
159623
160187
160417
161355
161980
163476
163494
164218
164237
164870
165172
165393
165560
165566
165971
166136
166298
167209
167931
167955
168133
168395
168515
168754
168997
169699
169759
170006
170759
170841
172798
173219
175110
175540
175564
175872
176223
177708
177852
177899
178117
178210
179486
179717
179840
179990
181051
181674
182013
184030
184990
185137
185769
186107
186490
186640
186863
188615
189000
189184
189495
189508
189611
189733
189986
190283
190529
190737
191345
192261
192850
193880
194211
195757
196766
197446
198686
198851
199469
200287
201397
201736
202351
202732
202791
204050
204469
204831
205539
205571
206012
206210
207804
207941
208880
209168
210736
211434
212149
212561
212603
212944
212962
214337
214679
215556
216423
216653
217272
217857
218668
218683
219098
222160
223561
223591
224040
224548
226112
226163
226193
226621
226684
226981
227226
227311
228235
228789
229540
233024
233453
233743
233990
234265
234514
234554
234689
234770
234784
235687
236466
236565
236677
236839
237908
238097
238938
239540
240037
240086
241174
241544
243345
243731
245632
245946
247136
247213
247696
247750
248279
249208
249890
250626
250834
251394
251644
251687
251735
252687
253778
254267
254479
254560
254893
255000
256770
257183
257316
258259
258424
259046
259641
260099
260725
260804
260947
261940
262483
263361
263391
264132
264138
264604
264796
265602
265627
266135
266388
266665
267116
267876
268705
269112
269666
270223
270830
272238
272285
272477
272549
273150
273442
273467
273531
273644
274337
275046
275244
275615
275941
276607
276647
277549
278250
278480
278641
279207
280718
281573
282157
282203
282240
282841
282880
283788
283871
284052
284381
284481
285126
285521
285541
286515
287833
288303
288975
289473
290440
290879
291396
291438
291690
291949
292211
292460
293066
293092
294618
295033
295277
295655
295856
295921
296096
296673
297026
297242
297974
298056
298493
298756
298778
299015
299129
299518
299762
299954
300341
300896
301353
301432
302985
303583
303723
304167
304265
304324
304334
304513
305783
305902
306408
306682
308358
309026
309477
309564
310112
310978
313629
313786
314315
314806
315268
317376
317979
319052
319181
319477
319677
319795
320947
320972
321598
321666
321966
322382
323003
323079
323867
325196
326537
326901
327312
328916
328933
331299
331465
332180
332276
332428
332459
332849
334390
335397
335716
335911
336183
336300
337474
337522
338278
338303
338887
338903
340350
340455
340889
341538
342713
345154
345457
345716
346446
347299
347432
347464
347953
348161
348583
350248
350386
350881
351833
352401
352865
353024
353623
353632
354121
354349
354932
355214
356014
356509
356971
357286
357419
358469
358679
358949
360056
361166
361223
361247
361307
361725
362221
362270
363430
364354
365167
365484
365565
365693
365958
366325
366904
366912
366962
367070
367376
367768
368748
369092
369153
369400
370985
371167
371580
372495
372526
372885
373050
374054
374864
375866
376187
376250
377633
377768
377774
377911
378272
380426
380589
380971
381189
381190
381291
382220
382670
382859
383124
383593
383758
387094
388999
389027
389266
391000
392127
392493
393339
393538
393691
393731
394391
394488
394711
396854
397774
398061
399284
400355
400492
401110
401278
401343
401567
402285
402477
402517
402670
403690
404125
405415
405876
407275
407322
407376
407920
408268
409081
409101
409154
410483
410862
411032
411246
412650
413239
414050
414246
414538
415704
416023
416040
416994
417051
417447
417470
417593
418152
419465
419511
420372
420551
420995
421716
421793
421840
422409
423167
423220
423256
423289
423842
424091
424233
424250
424509
426917
428071
428107
428272
428505
429200
429861
429917
429959
430002
430299
431011
431364
431654
431910
432226
432385
432750
432806
433224
434301
434581
434753
435117
435278
435900
435981
437015
437308
438544
438606
438748
439096
439106
439633
439878
441212
442158
442330
442947
443568
444161
444164
446019
446078
446619
446903
446910
447334
447703
448482
448497
448725
448920
449243
449269
450237
450678
451000
452676
453146
453305
453639
454446
454577
455191
455242
455254
455406
456103
456514
457557
457633
458052
458487
458874
459450
459495
461209
461339
461575
462378
462445
462494
463648
463675
464269
465048
465048
465170
465462
466089
466453
466669
466717
466925
467166
468339
469261
469328
469549
469721
470160
470269
470860
470916
471683
472385
472843
473513
474484
474860
475307
476156
478376
478421
479380
479532
480767
480828
481475
481721
482591
482639
482718
484009
484033
484586
485328
485452
486066
486854
487922
490408
490566
490682
490915
491117
491443
491478
492253
492327
492619
492851
493637
494386
494752
495482
495755
496440
496700
496803
497544
497670
499108
500139
500356
500421
500526
500760
501719
502839
503626
503681
503727
503838
504369
504677
504962
505189
506948
507132
507140
509131
510307
510368
510555
510802
511545
511608
511918
512203
512325
512883
514400
514664
515333
515576
517089
517443
517865
518371
518802
518963
519172
519380
519452
519479
519589
521204
521482
521773
522159
522865
522879
523265
524553
524690
524933
525337
525456
525612
525936
525971
526928
527029
527295
527458
528287
528357
528616
529188
529751
529921
531096
531408
531408
531450
531765
532392
532675
532775
533071
535570
535599
536090
536278
536319
536385
536821
536934
537221
538634
538744
538938
539764
540567
540755
542550
543037
543418
543503
543761
543992
544604
544799
544910
547025
548871
549487
549610
549933
549999
550096
550390
551433
551578
552306
552545
552591
552661
553239
553805
554058
554237
554684
555630
555649
555894
556487
556490
557150
557201
558101
558657
558667
559134
560935
562089
562498
563245
563283
563617
563937
564147
565703
566055
566260
566365
566690
568088
568090
568470
568740
569098
570529
571225
571627
572792
572887
573260
573361
573929
574922
575232
576122
576356
577635
578661
578734
578903
579162
579510
579666
580220
580473
581693
581852
581918
582318
582824
583020
585368
585849
585998
586989
587815
587989
588448
588740
591039
591072
592155
592406
592658
592709
593104
593557
594558
595512
596652
597519
597626
597976
598661
599070
599186
599617
600998
601211
602343
602460
603227
603480
603687
603742
604322
604701
605025
605577
605915
606338
606891
607045
607469
607878
608239
608482
609358
609598
609605
611900
611947
612127
612825
612874
613808
614201
614838
615706
616386
616419
616529
616982
617031
617077
617872
619060
619402
619773
620279
620485
620907
622501
623775
624148
624201
624528
624700
625669
627609
627751
628080
628175
628312
628845
630391
630748
631184
632429
632647
632806
632846
634708
635285
635353
635400
636037
637332
637739
637872
638200
638293
638478
638772
640322
640487
641002
641212
641941
642365
642792
643126
643885
644379
644525
644773
644882
646125
646324
646963
647023
647403
647626
647864
648770
648853
649063
649181
650176
651225
652061
652458
652718
652863
652926
654787
655024
655089
655366
655763
655846
656798
657985
658372
658844
660774
661882
661914
662865
663084
663393
663932
664432
664604
665672
665868
666423
667539
667557
668773
669752
670114
670283
670561
671685
671741
671893
673341
673366
674091
674175
675055
675512
676907
677075
677608
678203
678867
679972
679979
680580
680890
680999
681733
682157
682983
683367
683992
684065
685538
686035
686178
686339
686481
686601
687146
687589
687769
687770
688472
690220
690799
690802
692755
693179
693667
693888
694349
694384
694433
694443
694482
694686
695285
696297
696568
696814
697496
697835
698203
698636
701098
701111
701282
702086
702836
703744
703801
703823
705004
705043
706080
706217
706847
707599
707837
709018
709769
710437
710552
712125
712277
712825
713397
713709
714479
715164
715271
715446
716110
717698
718158
718413
718760
719592
719663
719716
720144
720704
720728
721317
721970
722046
723059
723219
723389
724491
724780
724828
724976
724992
725089
725420
726265
726650
726772
727058
727363
728096
728597
729399
729661
729675
729767
729793
729942
730623
730974
731299
731466
731564
731804
731992
732021
734489
734569
734576
735098
735116
735856
737483
738025
738683
739043
740161
740485
740773
740867
740948
740952
741073
741113
743190
743349
743382
743502
743686
743708
744871
744921
745217
746023
746824
746838
746992
747497
747947
749540
749817
749979
750118
750243
751318
753008
754161
754846
755850
755879
755968
756372
756719
757632
759098
759217
759226
759610
760932
760961
760977
761051
761264
761660
762771
763171
763294
763646
765641
766105
766717
767990
768128
768620
769117
769434
769780
770476
770706
770736
770809
770925
771459
771479
771637
771717
771804
772225
772308
772763
773609
774308
774438
774811
776052
776553
777535
777720
777975
778623
779641
780318
782466
782894
783151
783726
783881
784221
784868
785293
785946
786278
786800
787219
787249
788234
789302
789426
789558
790056
790440
790488
790724
791135
791220
791521
792933
793128
793334
793405
793474
793609
794031
794544
795678
795722
795790
795905
795970
796007
797633
798458
798636
799242
802816
802982
803127
803582
804181
804318
806457
806647
806890
807883
809017
809178
809846
810669
811063
811193
811433
811853
811884
812151
812198
812500
813544
813733
814279
814777
814873
814917
815061
815430
815937
817146
818924
819934
820138
820610
821626
822771
822940
822996
824442
824788
825041
828227
829150
829401
830674
831945
832790
834110
834654
834803
835026
835084
835116
835998
836464
836580
836806
837116
837720
838123
838305
839004
839161
839315
840362
841031
841170
841715
842754
843021
843502
843601
843852
844271
845134
846249
846709
847816
848556
848600
848870
849549
849995
850306
850427
851566
851921
852897
854338
855817
856253
856275
856313
856921
857436
858094
860466
860589
861038
861116
861944
862013
862202
862229
862803
863688
863998
864196
865236
866118
866232
866313
866515
866810
867076
867580
867992
868420
868991
869479
869815
869846
870164
871665
871932
873161
873963
874225
874267
874277
874881
875518
876553
876684
877075
877157
877845
878843
878920
879040
879204
880368
881145
881311
881483
881572
882273
882458
882526
882902
883082
883563
883642
883666
886287
886677
886920
887188
887305
887697
888070
889265
889724
890135
890415
890834
890951
891011
891023
891349
892406
893133
893269
893313
895051
895109
895636
895928
896221
896613
896848
897784
899124
899197
899670
900106
900742
900938
901550
901567
902184
902427
902642
903659
903984
904442
904640
904698
904975
905036
905336
905946
906021
906038
906123
906175
906538
907848
908519
908869
911384
912393
913143
914100
915254
915804
915916
916067
916097
916518
916891
917049
917419
918838
919297
919747
919963
920848
921121
921569
921620
922092
922630
924325
924356
924442
924892
926691
926906
928097
928455
929445
929993
930553
930631
931139
931153
931347
931674
931891
934494
934551
935504
936066
936679
937007
937261
937431
938312
938480
939298
939788
941393
941606
942127
942267
942585
942729
942981
943164
943955
944539
944652
945010
945531
945670
946473
946481
946898
947100
948462
948731
948772
949048
949486
950235
950645
951461
951773
952566
952991
953456
954250
954730
956208
956554
956561
956707
957548
958754
959076
959495
960231
961113
961191
961713
962104
962491
962519
963449
964074
964095
965161
965417
965990
966084
966562
966596
966684
966866
966982
967278
967333
967579
969195
970079
970455
970511
970562
970934
970943
971754
971935
973686
973720
974072
975012
976673
976940
977502
979651
979910
980305
981043
981174
981493
982049
982267
982318
982799
983297
983844
984050
985229
986025
986781
987215
987570
987984
988549
988638
988644
989748
989888
990380
990701
990745
991134
991481
991725
992975
993249
993485
993586
993696
994660
995111
995754
995893
996307
996353
996753
996988
997159
998049
998169
998467
998644
998649
999433
