1
2
11
13
14
19
22
33
37
40
44
60
62
64
71
72
94
95
112
139
152
236
269
280
435
579
618
623
633
698
722
750
784
808
892
909
913
960
961
1040
2835
2958
3050
3462
3477
4213
4392
4694
4860
4905
4969
6046
6547
6720
6741
7314
8565
8651
8725
9231
9909
15137
19745
24802
26817
28625
28672
41324
42822
45273
46533
48722
52454
55264
64142
68042
77844
78519
80796
84319
91184
92333
92551
121352
310017
345345
387405
457522
518170
569389
595632
606314
618889
667159
672978
683914
768453
773031
786370
972659
