972659
786370
773031
768453
683914
672978
667159
618889
606314
595632
569389
518170
457522
387405
345345
310017
121352
92551
92333
91184
84319
80796
78519
77844
68042
64142
55264
52454
48722
46533
45273
42822
41324
28672
28625
26817
24802
19745
15137
9909
9231
8725
8651
8565
7314
6741
6720
6547
6046
4969
4905
4860
4694
4392
4213
3477
3462
3050
2958
2835
1040
961
960
913
909
892
808
784
750
722
698
633
623
618
579
435
280
269
236
152
139
112
95
94
72
71
64
62
60
44
40
37
33
22
19
14
13
11
2
1
