88388
4523
369
79
30
264138
828
690
43
53
99
408
484
5926
160417
964095
98
43960
20037
56327
144220
447334
805
81336
573
2584
27
9
658844
307
1078
703801
41356
67
420372
58335
557
440
522
42
8
938
2
876
40
145
735
189
9923
45
45
296096
492
412
911384
770809
77134
74
679979
56
221
11707
616982
3390
27
5252
411246
660
56
13973
188
1350
2222
76
70
43
91488
2
59
18
74781
39400
18025
44958
13
95964
69782
27
966
836
17479
4143
74311
606
54882
726
13170
36
670
84
5284
6381
23
4339
556490
345
72
731
926
68542
70
68
2126
465170
66839
504
3
79
557150
57519
85472
63408
4583
746
130099
4437
3819
3521
76
1689
828
5754
98
13452
564
226981
4750
4796
17
305783
38028
60865
30069
54384
374
9911
292211
524
6153
272
684
520
73550
307
467
881572
9261
41
388
8410
28903
87
435981
9204
70833
42
71
877
926
61
26840
50
53
8428
6051
46737
915804
4026
247696
683367
11
5858
703
85
397
14748
186107
9939
75
31
2
99005
62
41
832
62939
35067
81756
26647
64999
956
22
281
92
56888
94
607469
2821
186863
773
5473
52875
228
1028
168
78025
8
9025
703
9522
3
319
16
68
24196
765
264
842
9916
321966
488
398
495755
234514
700
85643
353
24006
20
9112
687770
483
2631
631
9911
81
38401
785946
4361
35
51
9120
88
251644
647
225
12
783726
25
48
931891
5534
237
50353
40280
73501
669752
252
57
55
70369
415
856275
481
2019
62803
914
8910
37
69
60149
158
9186
1609
36394
73085
9019
597
99540
88
21176
68
982
9236
111106
6446
75219
95
671893
55559
1
87899
791521
2050
8
80833
7392
993
36684
4550
77
99
70
90
659
213
89820
5175
769434
38
814917
5508
31
41327
91
54
84
33388
37
428
45662
1890
17073
895
417447
310112
315268
35691
63023
201736
211
654
260725
36959
48808
45
282157
155
97442
1255
842754
8833
484009
841715
6247
40
9007
412
946898
40812
6494
497544
22
75460
1225
672
52
377768
9070
89278
43553
28588
685538
9464
7
559
22508
525
1515
2384
91954
6828
15
4667
83436
543503
43651
306
527
335716
635285
165393
539764
973
435
88862
1067
670
99778
173
7241
31936
92
116
537221
651225
6885
3862
892406
525337
148449
726265
957548
417
252
226684
85343
55
92115
96
51
967
9476
4541
88
109
558101
4
916
974072
8965
33
4952
1948
62859
93399
407920
74
5
81534
58
60938
64
98745
93
13932
560935
8415
161980
53
981
728096
9070
379
16071
531765
94987
8040
89122
512
37404
7758
895
35456
4150
49
8508
134
466
915
1877
849
1645
27
56961
841170
72470
60
942729
70
741
795722
37
44589
4680
94
43
75
192
5283
839
289
70425
11243
9
8696
996
6479
89
298
29
848870
87424
68054
208880
6977
69482
15173
34
63
549
296673
91
42
66118
9343
549
4
7174
50728
32666
653
3011
3990
4948
8500
54667
12
1735
76
55
473513
1
78
746
41198
1428
3
210736
67
28696
73
903
81883
5598
6969
879204
7384
193880
1061
88
4100
6009
1597
956
592
18
9194
329
7347
6533
1920
88
7082
682157
3197
532
4453
670114
34786
52
14
99352
804181
238
6
613
71
3304
907848
125362
64973
14785
73
3405
854
1969
865236
802
801
14
69856
519380
2604
147601
83302
91469
43
588
30
435278
592658
304324
63403
536319
3423
84
53
774438
3038
76442
910
563283
45
70
11
7380
358469
31
257
451
2628
482
63309
8331
30484
1085
49
774811
82
66977
45651
938
9
8119
1333
5699
70
10
839315
4906
123060
718
38844
703
55
6175
473
8926
2525
9057
2402
72062
340455
4494
282
98
931139
489
428505
905
4135
957
369092
70075
233990
4315
4037
526928
500760
17
30119
187
9595
542550
565703
482
12
4
194
10
2045
59866
3547
831
577635
2922
26
560
53
729767
11074
915254
169699
332
82
6787
10601
48881
6943
634
3289
7484
8389
743382
315
26339
904698
879
9343
39686
596652
3956
291690
93917
895
481
50919
519479
90
41215
5703
97
21
8093
154571
89
909
930
522
3037
963
756372
351
397
9
2182
51999
706847
13912
7132
1
41
5970
33
412
593557
38
49680
3967
249208
37624
29
22322
3235
68543
871
815061
7574
720
528357
597976
496440
720
48801
1719
6913
80588
83
74
86393
8050
570
807
64171
6571
55457
1277
77480
2763
23693
21
540
382
20222
784
313629
95
80638
533
3
62
72775
577
54299
624700
446903
94
26131
43
18480
52
509
900
1491
33363
8125
9704
532775
386
92
956707
582824
8826
9205
747947
71906
517
6724
307
1151
42384
151906
395
378
916518
58
70146
96
72
145031
5352
7496
644882
700
288975
72072
7
1752
900
15206
732
63
93317
674
75670
583
492619
62840
65
306408
16
73154
38
353
841
592406
607878
464269
6358
8266
10
37135
44
5847
7
74
23
102
158
158
67104
482639
75321
85403
31954
3005
3586
10
269112
76
56172
5446
68
106
3845
47
8292
656
763171
7078
5057
401567
33567
79
494
31872
433
861944
438
661
79
2687
30160
321
790488
27
552545
96646
3646
3896
863688
10146
1418
632647
259641
34
297
9843
33211
19
44069
856
34
4110
96785
197
8300
3766
718413
5197
4319
580220
9233
23766
798
981493
8898
7
36
218683
839
91320
94722
13
68685
4748
448920
5719
343
228789
7485
604
724780
65
536385
370
207
594558
671741
45744
954
43
2491
35701
16546
423220
5930
835
0
76496
988638
21468
723389
153
761
454
174
6283
48508
6020
824
984050
46391
67877
5
76165
97605
2838
5131
85
972
261
790
57134
326537
57
97
458
228235
10
45865
4599
65
5444
5644
317
9436
612127
2869
545
29976
78
73
217272
664
563
80475
186640
13751
5947
968
5188
790056
46824
8
96521
661
8880
650
15039
29915
8843
632846
24
2944
3016
50702
301
88
2222
67529
6
807
168997
67154
1135
401343
90
11
26082
89561
37837
87407
89
91563
9636
409
4548
21955
320972
92
630748
640
469
936679
88749
49655
40508
525456
902427
6048
312
47
16893
44
85812
325
350248
90254
25
95
417051
62542
789558
17
373
747
317
5843
42
59
73726
5680
75
76567
85854
3652
74
75
170006
90
2774
2263
92622
87
9463
92495
6686
5637
62
1380
75946
4845
250
54695
7590
9416
5
4161
512
11730
4778
902
618
3368
7477
554
559134
14710
983
9132
12921
13
65
49
977
16439
866810
320
183
713709
413239
632
55474
6037
82477
31989
939
355
5610
164
9179
63940
31764
96
68
48
111
1915
6280
6
9541
90
104
1774
317979
29
3520
907
25
29
979
11050
2
528
44049
793405
22
888
90242
761
10
9694
522
295277
337
689
7359
49699
765
35644
959
790
921
71925
527
8
76
42
25829
568
53203
67
82820
89
85
901
289
19
372885
57545
58312
234
867
419
407376
38467
504962
742
0
89749
453
66
8248
9035
973
597519
12
13
2387
5396
8326
217
7817
185769
51
7
893
319795
7181
93292
6
4283
9784
19
55260
842
4764
25414
47
44
400355
425
38724
3342
663932
9768
20
53
175
227
376250
4750
99
76307
8148
538938
620
7818
548
66
49981
706
295033
8126
921
270223
24100
6768
4326
43
954730
956
92996
6769
148831
17
123
284
1370
981174
70
73
2134
693179
52
21
857
674091
49537
882458
623
181674
2285
605
80
257183
131
3945
4705
103
5459
53065
33
6363
69
10
8400
706080
3498
7550
428071
81811
69
744921
378
563
48032
20277
6928
3067
619060
722046
6136
811853
735098
19655
876684
54
954
182
5743
91734
429200
43
53725
742
7276
28701
48110
66717
52
175
771804
574922
1846
55077
555630
824442
712
74
17263
708
248
19
22628
739043
752
85112
4174
77925
76257
53
26
655
16990
31073
15
3212
729661
74
660
652
65915
646125
9461
90
2
37
200
905
783
254479
46342
73718
29767
47685
155499
21
82
32
236
431011
5
483
48
97252
90314
548871
803582
36539
105
16534
4333
7522
63
282841
9828
280718
91
353623
499
35662
43
82512
5381
1230
4714
40698
106193
60258
49
58070
61
23772
809017
33936
46
26612
7414
338278
7476
2231
20
20
472
348
47
173219
36
122
72
7881
58182
13563
986
729
919
997
6497
59
68
726650
679972
881483
10695
26
95
12761
100
553805
71203
382
766717
25
854
9
46792
327312
937431
57958
43490
418
9710
612874
982049
1012
85
1930
67
6757
52122
179717
84269
40011
3717
1052
60043
759098
270
64
495482
598
484033
46714
273644
740
7
9
77302
993586
22745
393339
84
31
23
1389
35
26
48
41
65
69
46704
2498
8126
25615
536934
331465
61685
4617
167
46360
833
28
34633
76
682
3528
136
64
3079
397
1007
8390
13
7552
9864
3834
4229
289
43
81957
98721
7
69463
9874
97121
807883
28335
66
87
371167
272477
8937
447
2432
434
78
2
9807
782466
85536
707
843021
12
42847
39
95
1679
5789
216423
2439
28664
5976
831945
891349
6215
45
194
76191
275941
332180
713
99543
46
917
16
730
21
73079
8328
557
760
49
718760
330
230
1648
206
540
13
1099
5071
60
30190
449
35626
1546
509131
639
76455
5817
40147
97
98483
5409
78200
6849
8867
74
186
589
223561
795
568470
998
85448
2402
4899
99685
8485
3
58723
79728
5347
493
24
614201
988644
1698
34651
760
14
301353
68372
271
73363
5848
125349
37420
430299
431910
904975
60
30299
929993
469721
4538
288
27523
167
52
68
53372
67595
608
965417
204050
49410
1316
90957
20
9841
811063
141
588
448
731804
35503
5043
454
301
61
65
16647
99
765
8084
74
21608
81
647023
0
94
8735
7157
288
5501
10
928
39063
3613
79
62
517
35524
51
5
73848
79
60644
57
23466
28342
59
9348
50587
27274
7667
548
220
86
211
5151
760961
271
285541
3
63
1490
35
771637
8444
7479
808
39743
92257
5790
81120
837
978
16
209
298056
132364
243345
453
525971
9205
78057
39
446619
99
8686
956554
67
0
77508
6912
2105
813
19175
938312
99591
185137
83823
845
93
935
5866
835026
374864
89
34
212962
292
962104
75
3
821626
847816
33022
265
131
4615
104
6447
498
1566
6934
188615
92582
189611
70
8441
52
26463
54
26410
42700
1915
948731
32818
509
65
549
43398
789
882
7546
3396
9680
392493
574
6899
97
595512
535
2643
118
76
18393
88410
816
7
20
51601
69
80995
675512
43955
345457
60473
50005
1093
7814
3465
690799
37
378272
842
69409
32739
74
804
652
9911
74414
41884
12
5950
870
72
528
82
681733
93
158401
987215
265602
25653
675055
133755
2348
411
38
59983
993
55454
770736
23
71092
27775
358949
568088
679
20594
83
39953
519172
783
374
5
98115
774308
5865
1724
954
93
7372
237
637332
446
666423
362221
7428
1645
3676
59
2
344
437
1
41764
570
1248
1788
446910
5695
90
6
8382
37404
9532
49686
504
8322
501
647
421840
207941
79944
51
393
39
70509
754
90
20033
355214
30453
91
4006
816
50
686
67
3887
63536
471
9455
7
673
1115
96
730
786800
51
88
6510
1956
19570
217
122
852
279
5568
29
664604
66
429861
22
5948
120482
44257
591
8814
35
7149
9292
41272
81
9389
8635
32
27
94
45311
19
534
899124
855817
92698
93
321666
8877
97268
95213
13923
170759
954250
684065
528
835998
5455
153574
89
33
24469
26
51254
5168
96
30044
43
89755
620907
7079
4709
74614
44344
239
230
82960
293
2961
59
419
5933
744871
1666
282
445
3407
15
377633
207804
340889
794031
70939
40
843601
13446
7744
355
888070
591039
4306
8
369400
37
3424
620485
38
64929
88541
5200
692755
881145
16
15630
65
36
96159
811193
347
926
869
63213
90803
966866
140371
72
9564
5587
28
20
30
33
380
73204
226193
671685
9
309564
98902
2586
889
286515
22531
1539
945
28
34
14
8
6346
711
8235
981
14253
28
43246
242
44
18
1239
96
0
900
36833
17
960
899
80312
26
0
79
161
463648
65
920848
48
407
61
91117
22997
527458
407275
64467
80
8
861116
69
73
78376
72832
25
22583
64
730
815430
88837
628845
6640
57
53798
6434
74809
930631
25075
442
259
198686
704
7973
65
107704
484
4746
769
470860
69
524
482
9114
5513
45168
25
456514
263391
97
637872
3123
558
17156
603227
16
5469
35293
64273
867992
2457
576122
71
59
829150
922092
7009
8687
29083
64095
4
469
3180
212
2978
38767
468339
4
569098
67
8351
480
39
4266
24235
990745
20
6892
66353
89143
989
60067
98643
48
338887
708
23215
39337
10
5
587
1314
78
94
898
382859
47001
527
78
55
207
3676
18565
973
3866
83632
17
1177
508
98242
3926
24
69
86619
9712
851566
265
46832
3494
11
7105
434581
9
39004
147105
75937
666
65
557
263
48669
4851
45560
77256
90
131
3241
98815
704
16
13073
55
66945
886
90853
9357
147
905036
4790
5553
15483
998169
5414
9769
54072
6306
77
867
760
348583
28847
866515
49290
446019
7996
46142
85757
36
6
473
245632
452
78
76602
868420
779
94387
3482
95195
93090
61175
146
141
98
80
310978
856
805
442947
9
3553
9918
586
13573
82831
97034
253
204469
41
9434
70
655846
53102
42888
83553
240
6
7369
40634
30
59978
5
239
879
68871
256
78174
49758
400
13
80
92
483
158320
842
9664
34
5985
16590
61260
861
323
924325
543
7597
285126
95370
5131
52
347432
60340
998049
6256
80942
5833
71
42
71
780
26
276
755968
344
414050
49
4954
44
788
83
20662
272285
72534
11788
78
557
9191
90
85840
2641
940
512325
142816
1917
53432
673366
23
566690
190283
4
7224
881311
6
47487
7429
66
259
27
261
5403
8560
58304
585368
0
11901
675
299129
44
71359
550096
772308
69862
858094
23
23
77013
859
5357
7461
1800
57460
377911
11
86
965161
829401
36
93
450
5
696
79948
2231
7835
2693
43040
238
795790
5985
51314
6324
236
8280
6174
988
140
931347
562
9520
44493
2648
577
40139
733
394
9240
6
6007
6206
661
792
95097
174
7
28457
776553
615
1263
2462
956
579666
11242
32247
4015
646
6771
9857
429959
771479
749
26
61
417
51
90
4387
24
464
401
77
9751
6872
737
178117
89
1243
469
14402
134704
10320
82068
54
8926
6047
460
402477
5578
94
90
794
58
186
4057
184
99016
33954
85808
6794
241544
7723
54
42904
40575
409154
366
9145
36
2001
5465
250626
66208
23
74566
82
80
20011
95962
49
746992
287
227
43
9773
76
85941
4534
635353
212944
26
56715
87259
998
52797
8083
6535
28868
69
44996
701098
659
22
884
211
776052
75
764
31396
43366
83748
70
641
946473
41
331
779
883
300341
806
82
64
370
46
73936
36638
856921
70
743349
591
799242
56520
43
52
4028
67051
9962
729399
641941
1223
50
551
398
116492
55450
451000
9632
724976
981043
81967
76972
60667
4460
437308
83
535570
5
63
48825
543992
750243
37919
602
1663
552
0
7796
738
87087
952
57
961191
158
99
14305
959495
5770
712125
477
9015
90095
40
628
81
2705
81925
2441
60918
398061
80
62370
5458
81
75
904442
168395
810669
27
161
6364
75
437015
713397
740
6207
360056
726772
236466
71
39663
7824
19
607
91
363
84
650
9254
801
208
65
8360
40
82178
416040
354121
663084
628
26
5025
15
49
980
87138
5690
94628
90
38
588740
12
299518
544910
348
224
593
2182
1642
90795
46
453
311
891
29504
1100
293066
729675
87
889
5284
132335
67
1030
78
44002
34
44
52305
85
525
95
82637
80
591
439106
94990
447703
697835
172
549487
472843
351833
59732
39
822
84
39
4259
476
13
141
62419
42
538634
28923
4676
267116
4316
902642
30212
218
74
63
321598
23157
710552
721
56796
87
27
28
680890
12
714
2315
96460
5871
60591
415
706217
96902
77
20493
579510
2891
436
831
39
345716
1634
854338
4498
227311
1760
5658
116842
4
757632
761660
5503
10
64039
5922
67
55830
471683
33
9294
2695
6719
7154
72561
919747
261
98
81184
6974
5215
8
3443
78
6751
32663
73228
69034
131167
491478
4100
85
2106
2766
1734
56437
696
83691
60877
91061
98
69114
18
769
135
845134
5191
196
492
918838
58
17591
347299
26723
7996
8718
3690
57046
720144
490566
380426
1351
5854
6946
566055
197
519589
39782
9023
84
787249
26
28
78226
810
3772
587989
8983
56
424
54
21006
160
447
312
975012
556
687769
2486
1163
13
278641
272
772225
298
746023
2302
786278
944
4164
42
175872
4402
4516
500526
6
56
59
850306
5003
405
84
67
3188
9265
316
9549
9667
51550
72018
49798
8
43850
419465
5983
68841
81853
32662
66126
859
6759
6963
5607
4153
65
10
56
89522
58770
189508
960
229
31329
40
64923
400
246
79676
5039
18299
75
7626
3102
718
6877
18
701111
16
18
111725
7605
147
996988
254893
4188
43
573929
91472
2059
77
3686
55685
407322
247136
7017
12359
1731
1120
96
50171
674175
21256
823
81624
96724
2348
619
217857
83718
3265
33
6130
51
67
75
35
83
535
81630
219098
9562
731299
97
248
617077
299015
471
69
72
34
314
2743
7151
860
34296
273150
168
8347
9997
193
7859
198
53036
906123
88
35833
248
88113
5439
3652
1834
7481
3477
777
5259
815
68
870
88013
31369
53888
275046
13762
7
70
8371
78
723
6103
316
2182
798636
71057
73
107479
608239
95
655366
42262
3972
612
681
58
686601
20
26938
892
876
374
69651
715
8247
89019
4182
3144
100
11
8658
54485
21
81
202791
13250
915
26
90090
8522
10
312
3033
236565
3565
100
125918
24871
95
98
8023
688472
434301
326901
976
969
33
5978
96600
304
1977
584
91
26862
18
20
394488
162
64
96
68
6133
3088
7006
20230
3425
634708
99052
62
119
769
302
1377
478
45427
570529
834803
918
3275
79
801
92
466669
973
54249
39
6091
4528
378
63
1087
790440
35593
51
991134
90373
5303
9877
28369
358679
54
586
393
5148
383124
2522
680
245946
3045
33
5273
958
74030
40
16
67703
64
998644
167
220
95
38
191
32
23183
84
5448
89090
111492
1716
54
797633
101206
40520
21
421
423
141
70
59
922630
18787
98
148463
195
60799
81
157
5040
809
76
3
514400
5813
939
431364
78475
705
429
20739
340
532
87
89
45275
88416
2014
224
60
390
30364
182
680580
41277
947
54988
450
644379
634
74752
56762
56
9610
32
835
847
906175
5191
247750
85
40
61
518
6086
556
129
17551
32
532
7290
648853
5777
98
410
74597
893
13816
22859
38
594
122080
696814
41348
57129
59493
77
145
586989
267
2338
116
86913
15
989
3
537
29
9
36896
72635
20899
80
86535
83740
819
224040
544799
721970
63
14
0
56380
9675
470
6367
482
740161
919963
42
58
770
7796
28892
48
917049
449
67809
4224
3688
877845
649
687146
2740
6758
551433
81
52
110793
449269
6991
9440
44052
76429
9614
17
2977
765
403
85
7229
967333
85
9261
73761
6444
2475
5305
763
7695
1323
8218
743502
37
630
1
87
687
153
78602
3350
989748
838
3884
91528
179
3
463675
96744
86
18
179
701
172
727058
46032
42
98
38
3612
97980
7430
483
18743
265
8996
2254
315
486
866232
21
7886
421793
3166
5953
677
8335
38
640
869815
878
66
979651
443
236839
61655
199469
568
510
99758
9169
43281
324
253
14368
24530
492
35
76
454
544604
47
289
89425
8923
912393
663
775
921121
393691
298
662
33559
11
80
73907
1557
34995
529
5
86
440
57
631184
33
547
792933
3
373050
508
666
138274
77002
1065
559
66183
24982
553239
92
10
635400
589
452676
4603
99202
6142
95936
7067
560
4546
79
1332
67904
92070
81
3191
276647
8
5272
9
42
2837
53
79
9159
283871
86
222
214337
5212
997159
38094
68239
46788
1
62071
1814
20380
5917
9459
90698
849995
4101
29110
82
2559
89
33655
73827
388
517865
0
67
19855
740948
111681
9733
345
2
8016
20846
66329
4355
2504
78310
630
141490
87
895109
2869
1
68090
33
347953
6279
754
46
5
789302
727
56833
19
91765
11
793334
99411
513
82775
62505
648770
702
566365
9255
11
269
107322
690220
2
27126
19525
15096
41615
162
6746
246
959
977
893133
8946
56086
19010
719
994660
80526
1
582318
562089
5396
222
77211
949
9966
22
88
15
2466
269
713
4546
44
402517
964
0
31473
8843
39487
13
44869
68
414246
694349
725420
594
9483
204
683992
659
58892
5183
981
555
15454
374054
317
73
673
323
87743
128749
44
94215
2731
627751
32227
46
15169
303
42853
662
14
6
806890
4
558667
184
937261
6560
36
88
89
88
1424
955
10548
881
5960
291
91
69720
749
3
914100
59
4551
9154
8204
5081
6591
3594
1470
994
976
83217
391
3716
70944
955
8246
85
53
840
55
7530
171
308
466089
4612
54
55
545
237
6309
145
778
4734
771
1422
2995
429917
9405
62
6213
373
817146
746
50
17554
303583
9157
34
578734
4260
9541
98
482591
441
88
828227
81
58325
832
470
773609
27
82477
88956
472
311
37510
2
34576
427
3600
786
94
648
4133
217
168515
30
587815
368
245
4314
319
15
39768
7014
532
82455
31242
41987
579
91
234770
6457
416
620
8880
226112
40381
6749
104
2222
85038
8581
85706
1481
4006
260
621
481721
13
75
36339
956
36592
141
69
474484
9
668
190
8205
1
3
13568
35
23413
47568
159
71
522865
94302
862013
58695
94
995111
552
21882
57
4809
97625
734576
223591
38230
81
55
761264
8663
63
7066
1376
944
121
54
8083
542
3115
407
812
940
890415
266
56385
490408
31
12648
878
21
3835
81
709
434753
707837
192
559
779641
981
27
57
11776
93
667
8383
6476
369153
68236
5766
129516
903659
127442
41
58603
115
166298
17771
816
3302
811884
3424
5670
4224
740952
3037
585849
432806
669
64959
5
181051
32
66487
80
458487
971
2160
47
835116
926906
468
45938
59436
399284
761
42
81
224
366904
637739
16919
255000
78696
5292
54544
80
704
750
270
72906
70007
2634
260804
86
37361
45
1571
6104
549999
36
1706
22
85
895051
9283
1143
74063
493637
689
774
2676
997
4852
2329
99119
69178
760977
86912
43468
79468
4539
26941
735
93
515
204
396854
998
20930
3412
7221
2767
777
1881
819
29
870164
8869
28401
74
16355
9174
18211
6
59
462378
87488
662
789
175540
7953
579162
18
361223
977
44576
8220
119861
95
75035
462445
844
905946
2600
400
5638
839
6400
14
1579
55
112207
6622
15
86
31479
5472
624148
56192
23
891
87
70641
15693
76
334
466453
856253
32521
49
221
684
1019
2457
2541
7114
86
8782
794
51463
117996
69623
240
8781
124924
43085
344
966
40
63747
693888
8001
9469
86
803
21
915916
114
94
58
614
162
9302
93
57391
6390
83785
93219
38
38543
166
39
458874
4817
81531
277
77
52
19675
273531
2901
18
9935
17244
78
80170
7806
79
4305
81
97266
896613
54364
7068
33254
56960
75
738025
5848
91493
79
24492
51160
746838
40
996307
278250
3466
11764
89676
636037
10
686035
48
781
7232
76
44709
988549
17762
1187
55470
3159
87
4447
602
3294
57
391000
7741
56
383
4898
95178
18354
93938
92300
895
4947
2
2453
8781
71787
37575
4983
319052
523
100759
60
20377
27568
1631
38
5788
5623
6593
9837
21
88
122
7379
64670
1936
82
249890
175
30
2407
593104
8
289
52
3155
276
4171
78
33793
304
1758
92
446
924892
84
45
67370
5641
177
9113
50877
32
6785
103600
5168
322
640322
31886
676
900938
9661
28
445
155900
928455
887305
33
3689
10
5944
57272
4202
71
65143
211
96
79
37
977
2210
7519
55
9424
37
21
852
70414
4831
54713
74974
644773
188
738
84
519
14
974
89
18
14293
557
4683
626
777535
48
727
15912
5094
328916
814
26696
12
133
73
92
268705
60
171
789426
42
95
424233
782
24
35047
8912
485328
45628
18495
14426
84
79
28
654787
524
64904
50
291396
723
826
9717
43
47
816
297974
660
1957
93
9146
59
785293
222
4808
7270
5503
79
6790
646
8784
8
56192
380589
99
45888
1
3456
694443
740
86184
89
592155
4011
49216
85012
85699
11
10019
104
25
212603
879040
87384
8130
938
784
64
192850
478
96
31271
5850
6825
9
13
671
22
511918
314
12
7164
206
24
31952
4054
47365
54204
61438
71507
22
634
23673
9930
78592
775
44411
854
23
1102
446078
6930
284
696
57760
234554
15416
55
3807
361247
57
802
10
973
597
566
472385
570
9121
42004
7401
45023
5754
802
57083
5518
43460
52786
48
9538
835
47
1147
4135
26
52
90
121
287
522879
30
81
344
647864
878843
664432
56277
745217
33
462494
604
383758
1367
32109
8712
52
80
186
94
72434
67
31863
461575
1050
251687
35
547
76217
903984
211
37047
98642
8593
94
83
67
353024
97551
4054
7434
9991
5414
5234
5914
975
90
552
890834
39349
8
410
576
54
61681
248279
2306
3622
6
552306
1843
732021
38
21224
582
41
532392
7078
32
674
647403
773
2702
661
22031
602343
391
304513
8734
8914
47
42
4249
814873
925
68
976
304265
7641
85797
6384
86
198
5
64
503681
477
35204
2361
299
5328
42
751
47144
69555
878920
168754
8894
2674
91378
882526
372495
2364
3753
777720
178210
62
8
668
644
3267
7610
2060
259
915
575
513
178
47665
31
29
91
8831
19288
7133
5226
21456
423
869
11335
36
44081
22
31
97
93452
691
97139
3114
832790
703
380971
54138
65829
56
98
468
6710
971754
164218
37077
72
95
35
96
3214
588448
48452
26
84
42289
233024
293
73333
192261
75
62293
6901
57
770925
948
6805
576
15688
572792
90
1272
795905
58
61731
510802
383593
542
554
24
707
35
38
58518
10
182
92
604701
78302
109873
4591
63
570
6911
99907
8240
16
545
1124
511608
839
917
7975
107517
1205
423289
364354
236677
514
81824
3290
36853
350
868
55
8400
66
133754
21582
16961
46
97
966596
8259
843502
3709
13330
16339
918
190529
91
646
456103
44388
6874
942127
92
6068
668
14040
94
5694
410
45
2693
92112
98062
44184
98783
26
906038
408
74
116
394711
52971
5058
5485
671
292460
36
299954
7143
56
383
68
11
9757
4482
5842
25
84770
61
66
5070
991
57267
70180
741
7061
8013
124
883642
951461
230
3586
337
3475
2050
2789
13959
73
74608
13065
97
379
78635
3644
832
390
445
18
70
8093
928
80
4369
82295
2745
405
83342
699
78255
32
6
82
4206
98135
93549
3013
431
51286
904640
9826
766
53
54720
967579
30491
2148
85071
387
632806
424091
4881
370985
54
7368
149
401110
328933
79904
7206
1479
27125
4630
985
7690
91031
50891
7735
67152
894
74
31
8176
453305
982
9
806
9945
9893
42
61
417593
6145
264604
1919
38466
6159
98857
271
9113
35
6401
793
335
276607
60550
76285
92570
48351
953
8
1473
890135
8879
976
85
79424
770
524553
51
766105
44
856
86
647
7916
30926
35517
107
212149
82007
95
6325
88
0
82
674
41387
86229
681
7964
974
84441
46673
4630
96383
995893
5528
67433
132194
30756
5617
48527
443568
94723
932
58
577
96
37
1148
75
263
9142
9171
377774
958754
2276
3623
74360
23951
72
384
3
531096
97462
603687
58
33
40
459
323867
5449
56
73
450237
970079
906
47
9811
8831
619402
3928
2526
893
83
9869
18764
9
90
82916
354349
491
5347
1747
9058
8257
16
40
62
740773
70
12
492327
730623
634
811
29
67733
1571
422409
200287
5335
1
68194
295856
5709
59541
8077
4534
1072
7157
44
2613
19
35
2843
1939
6036
78
47
23590
87378
54941
560
46
612
71
970511
75270
17
89188
9166
50420
812198
98111
27
9589
4690
4652
799
169
7020
798
89356
814279
7196
3072
4629
849
269666
204
405415
6123
168
6452
53648
660
589
57
3469
330
8477
36
394391
720
28
4698
90
560
646
875
585998
235687
12
75971
2662
268
266388
7152
791220
51320
345
3958
506
9398
95407
75815
525
284481
366912
90101
1192
69770
550390
3786
65
969195
9
17
946481
68
382670
45699
322382
7561
9643
693667
9411
155
19
71526
62646
6311
305
290
7829
51471
8247
69
65
73
84805
40
449243
402670
27877
9673
984
650176
34390
4
84211
432226
48929
31
938480
586
6324
55
76579
528
552
94036
7990
439633
66
805
16005
13898
255
918
504369
26338
28935
82796
4111
8236
601
3890
36864
67
7976
4
864
96
234
57
52
129
57288
56
4689
62
916891
384
586
150
3203
164
962
7620
469
720
81592
939298
69754
997
1756
373
96
538
173
960
368748
162
6
251
2473
152
960231
38973
77082
6664
32
404125
415704
21035
770476
56
124
802
64
3722
559
34
60907
77
4794
967278
993249
952566
281
41766
9116
149
819934
62
55
822
174
78184
80761
262
529751
311
716
88551
5118
881
86
91317
7384
381189
749
13
8531
59
51
19
34
96818
12
65528
24
855
7237
61045
72721
4223
39044
34971
1796
3158
435
874
49615
5
696
975
25
2380
17845
8592
707599
423842
176223
8019
533071
80172
71530
652718
438
597626
1421
72166
514664
4761
7010
66
69
80
15265
55586
6807
243731
409081
445
93391
3476
7229
54955
67644
74
128
563
803
184030
615706
317
50
665868
81381
607
775
2559
4468
74
65
92
45
795
802816
621
577
5812
347
4780
12029
20628
24866
1107
141611
77775
273442
8390
98
820610
61
77456
3002
745
5081
56088
23
66979
85
83513
81534
11428
506948
321
944
7901
3475
838
39232
701
341
38622
6741
82473
762
943164
567
707
582
518802
22311
412
361725
5429
97626
39
501
67205
561
2
566
65766
7594
74
479
7
534
8986
7750
79
41932
852897
81150
7
2115
891023
73725
187
986025
8911
293
19414
525612
466717
23773
69745
13
206210
2622
40
422
11
365
66
1562
99
99513
489
33
9022
90708
553
93114
15130
63640
913
341538
927
651
24280
64841
45
4
778623
62
97
638293
18291
47386
410862
266135
51
7148
5638
639
8543
45
899
4311
6706
744
1808
400492
22
25
65631
41684
332459
678867
43
7206
128858
62
465048
504677
346
1902
3826
90
80686
656798
40487
8008
6808
605025
322
37482
970934
11
6223
29465
320947
31
73
45882
16
60992
38913
719663
84
8239
195757
676907
298778
29
4475
62
16810
397
484
2347
61
25
899
335397
3106
54186
12957
5
44253
949486
141203
655763
7941
778
1533
794
507
240
5988
570
3145
448482
813733
78882
70292
961713
267876
2593
673341
50
50074
771717
519452
10
310
13
30
515
161
798
57004
384
21712
82741
998
39500
8853
84
91
73827
279207
1983
528287
4890
5186
13
102
30160
387
9178
4276
950
455242
851
17
270830
40
14
54
56
9631
78
9654
91
5947
29621
616529
51301
68854
211
55
65972
9349
2
9372
78
2112
143
63203
17
19836
85359
3602
240086
78
470
85
75
17313
7
837116
548
61549
863
2404
3652
45642
90
57457
395
3835
41
392127
375866
5986
915
709
9411
761
336
61
7524
599070
355
42
417
1826
182013
2567
51959
59
81
222
1255
163494
50048
944652
988
126
2739
7625
29
834
8277
643
174
97278
66
8
503727
55
3818
624
256
826
30683
692
7212
743708
96859
619
1719
52
998
454577
439
286
887697
75434
6971
23
500421
370
749817
1867
873
56237
61367
56860
729
52427
3020
29810
356971
79941
80
53583
99
191
3055
2898
581918
241174
36667
877157
9208
11
6344
220
363430
91
13
868991
70249
274337
203
34
52102
425
122468
2280
259
257316
1032
5141
2732
405876
847
125114
1434
887
805
99776
128335
1336
5233
35
62620
3
57
934551
56253
908869
549933
135
48
173
778
72
97
788234
85525
38519
29874
54
49
5419
85
651
9526
319181
2661
94
658
255
906021
787
806457
788
287833
433224
88425
54799
784868
43531
855
756719
50703
64282
371
22
652863
982318
793
7103
298756
3661
5123
703744
5450
749979
945010
996353
17
57
55
7749
4919
56536
352401
3444
8231
153
21163
817
2075
55740
90163
7
207
936066
9715
44
37
869
9
7510
859
82981
512883
477
81691
231
33
2680
8054
126782
617872
947
78
57835
74
6519
7624
2970
31472
11063
221
161355
2070
5313
5285
839004
2276
22757
849
8425
712
699
721317
8
85560
857
66141
510368
9749
80772
27668
44050
753008
459495
6123
81188
7550
715
367070
13971
83378
1745
61
64
820
720704
65031
1390
27271
3221
369
7351
2141
406
85
9104
725
190737
379
694433
98
43
187
432750
84370
14
8745
501719
293
504
99751
288303
29
461339
952991
8352
2204
88398
9822
345154
79
424509
782894
177
919297
65268
722
84
803127
72
605
6514
913
92095
17801
946
959
11997
7
7599
663393
7
731
87333
3811
8516
75458
21
744
77
8448
6572
3562
38
698636
163476
2327
6606
484586
8666
1364
4019
5754
32139
1427
11
7319
84
80
9679
7006
4509
25161
7683
23
27
416
26623
86
337522
6
768128
40040
18609
968
714
9525
327
25202
863998
52966
61
779
91453
659
27
568
22368
234
34985
393731
4023
812500
317376
126682
52182
86818
8968
15
739
1146
500
7669
810
83
423256
9106
286
31
43
619773
9229
949048
33
673
99
128
55204
5074
41993
2777
6530
376
5
3768
3561
28076
323003
7652
45027
751318
84056
22495
714479
43841
1488
78
96
801
35
46630
95
6259
99166
1837
13
78042
96
186
675
86246
660774
214679
74
5011
25
3296
44426
592709
1257
986781
304
7
3497
948462
8764
91
77393
14672
459450
9194
7876
182
734
560
23
76760
5498
46
55
237
1
53
769780
9666
506
46788
6023
9176
21
437
496
2860
35062
155
177852
47294
20913
8273
9249
36944
87184
77808
517
821
43
3159
59
32
306682
1483
8919
414538
32
111
76
781
775
23
6003
285521
18
189000
5039
3376
912
99416
540
69
9505
419
54
92
90
94
319
269
512203
240
7975
79133
3630
1466
87
35218
558
73
44
2
42
651
660
31285
125
194211
86
549610
900106
5397
3815
99
29
55
98218
439096
7602
103
773
686
716
23785
64
951
186490
851921
676
2121
943
30
19
759217
20267
330
58552
700
6959
0
33047
99
22122
961113
4431
63
56
26010
9498
2195
65766
39
5049
14
834110
12
510
13
287
9184
5388
95
28
8974
944
535599
84
77192
525
309
314
84941
33
267
435117
15321
19615
90
69
865
724491
7324
13314
977502
669
68
69474
22
102
24
0
76849
842
874225
52378
397774
24
946
8908
5981
28
7440
2837
36
87
62522
66139
4961
24
906538
854
2453
602
4596
4086
838305
68807
189184
4207
244
49570
973
52
7420
391
3518
571225
442158
30984
238938
6241
44
64
192
170841
5858
66137
3331
73694
86
53
825041
438606
304
60
94
196
8820
2345
163
92818
330
39118
3115
17
9647
96428
901550
350386
57
401
86586
8717
1947
488
5120
42949
137
51776
294
623
882273
48585
69146
234689
64964
43001
87613
629
24
46828
9101
678
47031
631
29
98
8643
11132
43
120661
6539
11
294
12
931674
12248
56639
277
74988
2
91443
62992
43963
30145
67966
86505
790724
657
10351
887
858
520
99869
677075
67459
970
9753
383
97819
202
78
389
53
8720
5
862803
907
92
812151
823
9685
31331
222160
4885
4436
479
97
474860
1511
20518
171
6672
28
2305
98
728597
80169
85380
69877
332276
83
726
4777
97336
98019
510307
7055
180
5069
202732
13624
441212
133
426917
235
17
83118
52
457633
67077
108187
2860
74
90
78
1294
3519
933
730
84
565
54
9
836
773
566260
802
9716
167955
6005
43
2709
942585
3963
6078
48
578903
663
82675
233743
94
70
28
7
290
735856
63343
6768
75
442330
642365
84
191345
23
930
14951
91742
54815
3096
16
926691
183
1789
847
489
723059
2551
4582
35
38563
45142
647
4
93
8
506
0
73
681
745
46
45
65
12
693
87
647
793474
68060
300
955
29
7134
871932
677608
64845
474
348
167209
994
2613
605915
281573
1224
55404
47
481475
111546
2
3589
20200
357286
657
468
8
237
9391
31
5909
705
12
67
25
189
991725
8
29343
24
874881
47179
641212
6023
954
558
4576
314806
802982
1568
77
53
73
69
9452
667
44078
787219
5154
49
334
94
264132
18
642
35344
9498
998649
877
54547
99
189495
31962
184990
407
24523
67556
862229
942981
8561
38
73
3655
8020
68350
3989
46
201397
97
2651
18747
487922
66233
304334
717
6680
2042
609358
42870
1594
94
41
811433
35152
988
35
107
879
1113
1725
32581
275
75083
27
28784
3404
2808
9492
67
33873
17
30987
5786
83468
103
649
18018
8186
909
1
38461
568
286
60254
51735
550
7
74154
19
557
517443
93
111909
1712
836806
90935
1961
62168
97035
8
709018
494
59003
133
263
22402
431
97340
9461
78525
746824
972
734489
160
80546
3662
59054
405
749540
3848
3882
356509
839
33
665672
6367
945
71416
10453
27179
26
559
94099
87
355
254560
1356
667539
49
29799
50
768
6239
97631
78319
74094
787
1686
40
447
68020
22
903
88013
5544
110
536
92994
9042
9322
27422
543761
17606
6458
34
18379
824
2468
15309
19
412
20350
93174
815
638772
37280
63858
621
696568
7640
666
4792
85595
96
67373
6748
9
81155
4343
39
463
4016
92
52181
3818
49
472
616
820138
7423
1583
741073
423
6109
51012
86644
605577
165560
876
153
234265
54460
131557
18
32
220
455406
1233
4064
900
69
65
94
24525
9872
575
80363
39370
158461
85976
18
68135
511
921
680999
81
62685
5512
8290
206
45591
900
643885
135143
5327
99
7117
889724
382220
58550
10
7
2850
9813
1422
809178
39
63
1488
678203
83
61583
7572
8136
804318
54
966562
763646
90016
2539
128728
38225
883
874267
2668
23785
7837
19482
647626
76
84
79
32
6643
70542
40912
469549
8512
325196
289
594
60
612825
83729
5585
44
87
9871
99153
5949
564
873161
11
93
630391
40
348161
727
42498
273
91
42
948772
47
606
3084
315
761
361307
97938
71152
701
71716
10
96080
21482
278480
4599
47711
824
389027
4151
104
90
70
4337
79396
935504
9
993696
319477
55
274
34
282203
290440
98
8429
444164
5262
921569
340350
445
35
67
7394
119238
91
9756
529188
399
80824
95
332
139
23953
915
4782
16
552661
968
540567
599186
3848
32322
28240
85
913
39
467
52955
5972
82342
55
4086
60
638478
40
16
55
4
65
718158
1526
152
7397
554684
17
866
20
64
86390
266
826
86127
52718
554
918
33759
46
247
15
164870
78355
4584
921620
7728
630
468
3396
32
446
41204
896848
405
466
83340
84583
88840
257
6825
40
15
52652
902184
361
61
9733
7110
70143
55210
15
3439
287
740485
366325
335911
8249
53
820
649063
8171
5581
9368
3
38346
3657
420995
251735
45836
963
300896
94218
6
813
212
47
5
97
96
364
99452
18
13432
95561
60581
43630
271
73262
45
29016
87
469261
52346
379
90133
55900
557201
9145
964
29802
157
77
6962
5951
91828
576356
92
56877
79
613808
2402
75627
44599
759
690802
211434
32
61
49180
591
72
914
8444
451
276
91823
177899
339
67830
836464
3905
993485
869479
6101
95
844
4334
280
90
314
313786
95150
486854
883082
615
88
600998
71
5627
59
76117
67
47747
810
930553
3171
993
245
366962
606891
575232
5621
95
23340
816
457
518963
491443
928097
41
61
18851
27929
605
1
83360
85095
7295
78
393
9902
1834
476
9515
9033
470160
11087
493
916097
94895
53249
950645
645
40
21
780318
88
61
782
847
1434
92564
696
7
623775
87
70433
37573
41
71
208
656
7421
401
868
26691
2447
261
598661
146377
738
94
9423
2
107
419
7339
507
3461
59
41702
505189
55
861
48918
5649
15
745
10
7933
850427
53
99
72063
57
518371
43
223
7278
46511
545
7550
0
573361
812
5180
4991
491
99
890
392
239
90
367768
937007
8059
84837
51872
38
96550
6
97
63027
36
85
253778
262
301
5858
33
7522
56
996753
2230
739
876
26025
3497
432
7038
570
75
859
11
3400
918
67
160187
450678
866118
647
61498
2
7428
8
352865
701
23
27
52419
6105
44
32
8022
9
5219
989
21
1324
147762
5909
9312
26
2599
56463
13
476
749
3263
43
515576
664
42429
7388
71504
45511
1605
3122
54
699
67
727363
81030
33609
77
9334
527029
87192
649181
5
32842
95
983297
69539
42097
1553
79
4664
271
33029
942267
15947
384
40
943
50682
455
82748
552591
740
6389
96
254267
226163
9401
66670
628
302985
24606
172798
49823
67175
59275
1792
442
26
5577
262483
37854
64686
20747
39
62
5
348
56699
2877
409
1883
279
5719
2327
881
5542
981
369
87847
104593
87872
11732
40669
684
17603
42
921
8328
378
1791
8562
22330
822996
96
5383
4341
831
45
73
42
190
702836
83
1
400
9198
438
73
628175
4
54939
72781
36
9877
5786
95789
400
39820
815937
966684
776
24
941393
492253
13
102242
890951
77
964074
95465
21
96966
970943
108
911
10948
141
2873
6464
82135
688
45986
9592
67
49024
720728
19
15218
438748
144
1295
396
450
920
89
5795
84
15791
7857
80316
1574
32
41289
867580
541
75
3736
86178
19
59
149880
89673
53235
102883
3026
43095
1403
3577
276
780
82520
80866
475307
660
54
99666
52485
544
260099
702
939788
7608
353632
6900
717
725089
543037
382
74
108
88745
47
2956
432385
81659
5133
26
40
88925
465462
34548
76238
3329
83
624528
2334
2839
557
876553
737483
4
42
6
66
614
9489
359
176
18516
77474
470916
324
338303
554237
7728
15729
13
4553
33
381291
428
675
66
980305
19
5246
82676
98743
96928
521482
481
795678
966084
65600
915
850
68
4192
7468
30168
5876
469328
52170
206
59
825
5049
17600
9445
30
234784
9399
25
47576
695285
149
562498
885
1281
90
237
27
987
883563
93
662
58
7043
802
7650
42898
58313
376
69756
26344
50
1
305
79141
336
687
421716
56109
646963
627609
24779
759226
110
24771
67655
240037
33
5584
766
193
1874
299762
7788
5933
730
771459
1593
99395
83825
5289
58
56
1374
860
724992
69895
8497
2349
75225
395
63967
7155
559
38
507132
670561
74201
77460
714
98
87747
798458
658
3602
167931
46
80301
26
6994
91
27
467166
58
148
473
22
57
703
15510
523265
84
2509
66172
786
70398
755879
72191
8992
580473
729942
25
150
7254
5510
51
16517
4542
824788
697496
38
7159
489
28
40398
188
22
97
102478
98
581
4
46797
611947
2447
712277
3348
489
63
527
710
165971
22
50
53361
9330
79
93
53719
607045
95
862202
50519
46
40730
41341
937
877075
31
995754
817
416023
55261
12
11
363
51
945
102
28007
6049
14525
205
19287
487
108
941606
9117
71
66037
356
7
407
444161
289473
7433
134
33
89
295
412
897784
6116
14
66
909
7
3
9046
81
1885
28480
7503
67331
79758
52924
84
42
2726
325
89163
614
93
166
57
563245
41134
846
52192
687
426
71620
2864
36
535
6500
45
7728
11
719
866313
497
28308
9855
5203
26
49722
5240
4117
13128
5133
81880
31765
47
589
689
277549
836580
251394
46906
2295
147122
35
72833
134908
99689
572887
71821
81777
965990
15
40847
652458
49458
372526
491
18003
7060
945670
9
428107
715164
989
8
14
37906
91757
83087
51
152
41
968
304167
69780
765641
1874
4264
153
17902
4541
150028
540755
3449
14605
729793
578661
226621
44995
515333
32
31807
655024
64
426
86
20
90
447
532675
2903
709769
69729
960
531408
901
2063
851
4100
1431
32
9
494752
7599
85625
528616
62326
45369
92013
3896
465048
7868
719592
88216
28586
337
495
908519
5790
52
501
6
66602
13219
22494
236
58929
90302
224548
8
620279
496803
990
85348
4888
49
44
86700
0
99109
490682
13935
74093
93
664
50
28329
79
591
46057
4
250
6485
838123
87
3158
58
72588
482718
169759
4475
18230
646
82
227
25901
8252
631
1407
759610
365
49
712825
42
64
29157
295
9
991481
430002
536
7194
89
917419
611
40
9
67
5007
209168
3768
196
552
46081
86
17
428272
603742
60
27753
42
99
37
51
35938
31162
4413
9819
54258
386
871665
94050
2678
2244
93095
176
51
173
79313
57494
581852
154083
42
40
472
9190
403690
352
451
115240
8937
50
76442
177
39196
70
7028
896
86
49
80
83
82
388999
476
610
574
183
48030
58451
197
158
61
16
189986
32
51
71
5774
58
536278
835
1498
491
53
346446
1
69
9149
422
33709
258
900742
86481
75
26
92
608
52116
365167
1680
252687
90
365484
62
536090
297
92826
22
43178
593
31419
972
74873
13
91867
39
919
81
31162
71
95454
57
423167
21040
371580
4097
496700
455191
2982
5707
439878
80375
8186
95
24
87740
861
36
212561
75
676
49351
846249
87
15372
198851
357419
71768
835084
33485
962
27
31
62645
286
14490
393538
4268
4536
64592
606338
731992
6806
9889
867
9809
495
48797
200
1438
1
1
92244
350881
87457
299
2934
847
41221
9
95813
37
3378
35329
290879
17
254
807
106398
673
164
18
597
57
43
9802
460
573260
275615
92621
15
9744
11772
30
60225
7169
5679
1782
2291
886
362270
667557
741
492
320
717698
39
5689
45
9284
38
809846
811
8941
78
840362
883666
682983
918
92990
23
179840
68
40
53823
254
455
317
5
901567
966
81
53
21058
1315
74
1603
775
807
29981
142
45
538744
113
46496
44297
763294
27
72
894
85
73311
82
302
770706
1524
14536
712
1237
997
418152
15794
83
662
38197
76
724
7149
895
479
856313
66
500139
93
4999
54788
65
3104
323079
76
1632
7951
446
284381
84
10
74763
214
46995
85
991
9205
729
19
10
2366
9704
590
1770
771
2909
479380
650
50232
49
28
32475
86
661914
99
899670
644525
959076
696
99
88
23
5881
578
33201
78761
534
284052
12350
63
281
867076
578
24
4
8580
5661
448725
5188
298493
459
13565
65
147629
281
897
48611
31838
34
6681
276
663
486066
12
64983
435
6328
44
83995
412650
65
95970
437
17503
702086
88580
694686
760932
79
601211
85
24
319677
5072
597
3037
88
7428
957
6136
20
9210
585
5616
539
12284
84
511545
5483
453146
945531
56
64840
56
55406
39411
568740
69679
686481
658372
228
91
308358
1857
50
48492
16280
48933
931
482
7460
3955
61780
3
21338
9848
166136
895636
41478
80890
980
2880
87
5611
376187
46759
29
843852
3153
64
364
51
924356
471
112049
3036
573
68342
5223
52
3363
94
558
73519
338903
542
58943
967
51946
93029
56432
815
715446
998467
70819
928
2823
190
30
670283
731564
50
140051
11
783881
9318
61139
6597
67
661882
92
1459
97
1274
92992
59844
11809
93
13
5941
42653
59928
982
34744
9
5203
156
265
55238
3786
78886
971935
98741
74
60695
427
2851
7049
763
90
5525
378
8698
3011
53969
3096
94021
8104
54154
694482
34
36
26977
455254
61
81782
90
2591
86
82
6
65981
9490
1758
610
68746
912
7432
49800
3734
265
21
39527
89
54305
564147
745
233453
17
556
1358
56
2353
80119
12
77
705004
260947
598
918
985229
37
576
751
57035
66331
715271
875518
3739
0
3425
365693
705043
47794
715
322
4924
19529
20
1676
92
133
72
68085
888
67488
126
37
3
2777
641002
581
944539
259
19
8252
8046
646324
4770
73025
347464
56860
980
87869
9609
731
3716
4538
5613
88477
6778
971
68842
9494
10879
24
46111
42
13741
6298
4850
239
2217
3
53953
7837
30783
11
886920
29307
86
43
3459
7989
16
507
849549
85
35879
15
68
96279
8934
716110
820
776
46
703823
4165
65
598
78940
78
778
1537
35161
2223
7831
2004
767990
839161
10
608482
919
4071
205571
5
3845
26416
503
848556
164237
23
749
625669
66
547025
25083
411
874
2151
45
676
52
555894
12
398
723
6603
475
973720
98066
123896
5386
4437
8
71
61
69
419
13
30034
47898
95750
880
22800
1185
527295
155863
62308
35
523
88
8918
6501
732
563937
39978
688
53111
54
556
24381
331
46774
88966
5725
748
4531
86488
868
65
206012
272549
89478
9979
32695
5781
12493
9095
45
760
61407
522159
968
80529
53703
55826
263361
20764
77804
68
630
54237
218668
40
44836
4109
3994
247
951773
843
452
72
3072
54
5372
7795
60269
18501
794
8
510
3969
1789
862
79
846709
982799
7223
5618
42
772763
183
744
36
367376
6538
331299
69220
507140
719716
274
38
3392
81
442
258259
68448
53
86361
490
678
957
558657
634
78776
9266
98101
754846
39246
5240
84
27
8706
97
95737
2203
616419
497670
1569
28
8839
668773
61
471
788
35
70
79
741113
175110
74691
96
583020
31116
26
69
29534
999433
950235
889
314
285
25978
64082
50092
0
107
6557
795970
696297
7758
581693
401
604
63456
286
861038
891
65
189733
7786
521204
94092
32
36350
2831
1776
919
27224
38122
14390
139
75940
113
22
62480
8248
57
1520
92
336183
95
943955
93478
54276
93445
106
1718
21205
33
22
8145
325
73
8
993
107
106688
409101
1840
857436
687589
256
3266
6634
485
202351
36
814777
874277
822940
5634
21348
7772
14
39
3783
1074
521773
75
694384
30
5360
33
40
1
49322
8519
479
9
6342
577
86075
5472
731466
74
85974
14990
75513
1028
337474
869846
5126
265627
146
59
68
557
79518
3102
461209
37
6163
88763
126186
894
83339
6004
165566
169
76853
8730
2839
80245
115
68748
50224
4325
626
458052
780
48442
78518
34
796
94766
4409
10
531450
990701
973686
57
46
7310
250834
46746
301432
540
74
90
7697
84
97
8702
1
524690
8094
41
987570
59
73
40
58079
136433
740867
22973
90440
10837
698203
891011
204831
8109
115
73839
1325
77308
593
966982
80
9262
39872
3
342713
880368
9172
4854
40070
449
69
297026
333
481
6621
94197
15
473
89320
20
19
420551
73354
29447
60031
833
419511
519
53000
891
37358
24
502
24516
205539
4338
652061
803
74
891
93
65
476156
41219
90711
7146
70256
499108
755850
76
20
509
54143
57578
80223
50
8
843
312
44
76
3023
309026
762771
55
417470
2587
899197
9490
42961
137796
638200
2035
35950
87
88
39
7785
37
80
333
43858
31
198
7243
37914
30
92
8369
471
92422
161
893313
7121
61
529
793128
5303
70662
7374
362
36862
9652
77025
36
88
886677
634
17
82292
3
9369
27468
662865
21
59123
76767
93934
714
80456
42246
322
81
37
99
22
7799
25108
38096
525936
871
239540
389266
13216
527
7453
85
961
88176
4124
330
69
783
591
354932
142070
1849
628080
24
3641
267
58023
64246
3469
954
94834
58379
4878
536821
7677
711
140105
962491
381190
3200
602460
9796
9837
358
17066
730974
49776
15882
2004
57
66317
621
18
90
91560
83829
4205
4145
41246
614838
47014
94759
30986
19869
1237
159623
72
555
906
5270
776
924
2121
979910
10
1
74291
146
98
12
678
6246
2
67
3
913143
69863
13
452
6416
75068
11216
46
5146
95
283788
36
953456
47848
4631
51582
761051
88
38
77
26358
40353
8752
53
28695
21316
2672
740
17370
58
16735
39
26347
10
700
67
88888
724828
148
90
216
3918
30
963449
1
3060
411032
66
297242
45729
454446
967
4630
604322
6248
28
609598
35
31562
32
6134
5664
6243
2913
43
253
360
56630
4984
616
81
441
431654
11
1063
364
2512
791135
70291
826
24573
25205
931153
25
179486
8277
5371
1182
973
84
15
97851
1715
890
424250
8
480767
24
77
37
410483
44
375
60
5871
91
55
96714
61835
51
11
53812
483
979
29
73
303723
83
688
291
990380
48
5786
37
734569
9333
94
83
487
19945
24
22602
609605
34
58535
50
632
3362
376
43
6505
976673
314315
18
196766
50
666
64
5879
5119
4212
197446
6302
259046
288
11846
2635
60
83082
813544
1950
256
742
457
82
129055
295655
69970
769117
401278
300
30796
208
7640
470269
78
666
325
9690
53
466925
6036
5210
617031
70
5894
12655
754
52
63
27
365
93338
860589
25
22
4564
215556
282880
56309
42
4602
4124
457557
491117
978
19
7602
31238
22
3735
138455
1290
70
837720
217
80178
1
57685
6896
206
107
531408
93846
784221
68
30
320
8114
686178
336300
237908
494386
555649
77697
84212
292
906
658
283
9820
291949
97210
1044
837
47
1846
3047
97
0
503838
60913
337
490915
453639
410
99
50832
794544
313
510555
66814
59522
2044
79097
685
3069
295921
51304
943
222
643126
490
641
710437
22948
50
15
11
82
159
382
1473
47208
88
65
1576
65053
645
51287
876
848600
20
94
135925
556487
7998
6105
8802
435900
916067
76
588
743686
4087
235
568090
91
50271
29
9615
61
458
4
365565
33444
657985
18
8018
332849
561
893269
96964
26
51
796007
80
747497
64288
165172
70
818924
138
754161
6536
44683
10800
282240
98929
9093
752
701282
363
896221
66671
6682
127
735116
435
93
6099
99
478376
6709
9683
444
23
14842
3239
216653
3085
479532
95
3489
947100
6657
109
74
4
54
563617
237
3
72852
444
457
174
229540
258424
60
350
78941
1459
374
46
77633
375
883
7655
895928
590
264796
129571
7059
60238
934494
75113
5581
93
2435
305902
291
956
460
543
72
29
57437
294618
777975
428
61
5261
7653
83835
92779
56
377
6969
624
8273
529921
30237
1804
51055
293
57
395
35744
961
599617
783151
3927
273467
905
124798
753
793609
6639
38964
9682
448497
4020
416994
956561
27002
754
68
744
4599
87889
2
3923
995
773
615
905336
129
9
62
98
30128
38323
4337
266665
175564
574
4879
44542
749
95314
29
8687
729
52444
483
64208
66345
624201
3004
4116
655089
864196
238097
88
8028
2687
21
4464
9318
314
974
503626
571627
43587
25848
6360
59
387094
48577
4
381
397
738683
153
976940
47
948
97288
5432
11639
356014
970455
3195
39
6620
640487
385
131572
477
41359
889265
18
95
982267
2577
75599
7564
49743
2232
8034
95358
21365
92
543418
81
6754
185
233
89
3626
34770
3611
93775
20367
86448
8
119764
57338
712
78822
909
9792
554058
55
10
408268
5090
438544
551578
92
3357
57946
955
622501
79
9553
529
79
2170
3718
3477
13
54295
725
4431
478421
334390
68359
879
15
14860
166
3756
168133
9833
55392
1516
7159
56179
3783
330
11089
4604
3805
2043
7
58
179990
26
55999
991
500356
6
6446
281
83
6456
76398
236
686
49
5796
5636
99344
735
9380
13
2234
4440
41305
412
615
32280
65
34
4627
63
783
286
957
56951
98
1553
331
28
68
6449
85778
8291
6763
6191
10
92
2457
693
887188
7180
3
48695
3550
583
231
7387
136
28
106
18
603480
5
9870
77735
68228
139
68
6981
177
70474
1030
20
1217
247213
143442
402285
51
84641
42
75106
947
4843
16
97
628312
342
601
7
844271
9
750
11
28
70312
732
56787
117165
7
13
4299
177708
46496
6835
30
3565
144
319
95511
4143
25574
2011
28
58
822771
51
8336
97
82039
94601
236
45623
787
65170
4790
1108
569
962519
77601
3531
36987
743190
99
8061
46851
2924
652926
806647
61
7517
9259
7056
3336
70942
291438
632429
134
2230
27058
1934
8511
7964
983844
65
19
9424
761
5147
88
8386
365958
22
686339
2405
77
1084
896
25
543
41093
1
792
3213
55
5222
5367
57
637
951
9
5949
8247
6589
929445
956208
485452
80
36329
7777
66317
591072
30
63321
760
332428
256770
75
395
99365
987984
51224
8754
69
26812
834654
44
873963
44
354
492851
2387
882902
611900
262
76
126336
8382
8
860466
53
64050
6500
750118
92446
93998
91
52457
18287
5100
488
100088
88
502839
33805
857
39
4258
43070
646
293092
1312
249
339
1379
5145
12600
15
18180
78458
19551
50751
5885
36
924442
27
92
70050
517089
886287
2722
54
208
934
46
52724
3928
55930
922
15
768620
148695
272238
79
21
59
57
5251
8759
6574
16263
923
81
7581
275244
813
97159
89
5430
616386
4779
19913
992975
95929
123421
1237
723219
90
3644
6
59755
237
66637
83224
31
976
273
227226
98132
53672
6842
642792
9164
1240
1622
5461
6865
9148
243
36
58847
16199
64414
4037
630
16698
538
989888
79
843
83282
40
77
42032
361166
639
8028
677
49
4590
85392
4867
551
896
830674
480828
45
6920
45456
1048
3383
96
261940
31979
60476
85
14106
94497
74
577
81277
69351
407
172
37403
515
42
597
524933
11039
970562
89
3815
8906
6737
791
841031
42467
347
84
309477
35
434
192
2295
5656
45
80146
