72
19
667159
77844
618
623
236
48722
68042
52454
4969
9909
892
3477
4694
569389
64
78519
15137
121352
41324
28672
62
7314
4860
152
2958
4213
44
26817
457522
95
280
92551
972659
595632
3050
4905
913
683914
1
60
345345
112
698
9231
2
71
722
11
55264
808
773031
91184
387405
37
22
6046
33
28625
633
1040
6741
606314
24802
518170
46533
8651
579
961
94
784
40
909
618889
8725
4392
6547
6720
45273
269
139
64142
2835
672978
750
768453
3462
84319
42822
435
92333
14
80796
19745
310017
786370
960
13
8565
