7101
57
946
39405
4864
445736
600
55
658058
97
630078
848943
3562
13619
607
96
957
9564
84894
96
3709
262
784077
92
80877
1655
93400
5903
94
352
5697
98
3066
27
3654
335
413380
45389
273059
9723
798
10
95
545613
173
61
56807
4549
1895
33230
1233
602
2559
53
898432
537
678
53
779982
6793
240008
16540
949984
464
632
31219
353
94481
2344
19
602
5570
5939
752760
4773
559
953
74594
1
8730
6168
48325
219
892360
294224
78577
780
158333
4298
517
917480
65
17
909435
246406
9005
13070
4522
8939
900
115684
6262
5072
55
394734
942
58
5110
36
321
63
273
41512
53
898
44
11409
4219
13464
65122
5
774
74
56
62
5250
696
39679
8991
71
188
30
257
479
773622
89902
279131
179553
562765
243054
928787
68
533
6694
326
71770
49
44
97239
11
152
9863
6964
875
785652
382
776135
8005
6080
21413
5766
65
43
145888
810
79
35748
775
0
308556
399989
7956
2584
88675
590558
184
67054
801187
828
702
9731
499
9449
4251
767
647
79
60987
237105
639
855082
53
476065
922936
8444
3556
380
78763
9419
494081
1848
62
91655
43
95
62785
10375
47
599024
75545
32
84
100454
123
218
57699
226
7311
9731
930966
400
575434
61799
5879
9677
4109
930465
12670
735
89180
74
567064
77
2397
78989
81
126004
85
639252
391069
608680
679
46
766812
27185
654
21110
445
17
60
45140
761638
3711
5412
378
246149
113
47420
17389
475021
889
1190
56317
60262
72553
6789
59
683
38265
4520
15469
8455
2980
9739
3572
31229
25
337
86938
71972
65285
310
972
989
148983
883
16221
24344
551
915624
23361
5330
600
623
10154
185805
956402
7549
733228
197
381
4252
36704
417
3765
761877
726906
20
561
694
280
16
753401
45
87082
477
73898
629
32001
8645
626
837566
4829
2145
2404
53
50487
147
54055
671
4444
60116
119967
4266
37
73
92
5636
99950
2645
294
479191
3539
7025
90135
43
27
8090
83
588
8310
995
77877
28893
821358
32
87188
3
175
2343
154
38
66416
76
55145
677
5060
13707
89
218
72
795836
706
883468
74889
122
445
9186
58
297
753
2010
1759
9067
174
943184
879
330
912
679
82
167573
77503
21
91
876217
31
899
47
58
891
5945
231
3256
6073
98
58496
8205
47
5886
158
229
28
38
70008
283
5896
39615
6868
56
48507
5945
78872
69324
622
70375
14891
698
7138
4095
719178
807
1482
332083
50820
51
882
47296
238512
857513
8935
126
298
3710
121
97
54663
5112
54
713
48841
81
40280
325829
562
427870
3613
72886
81
3135
9385
6061
19130
72
814011
8716
36932
36
751
5609
28
92979
73
4439
45036
715
57
1618
11175
2035
68991
2307
1
63943
94687
82573
629400
95303
54185
860776
22
438
5492
51564
3811
981
44
23
848
6263
21904
231
1824
5901
74252
173
66946
48
147914
647393
3
988
434346
5967
1706
92
167402
890
5014
16
300119
974783
98969
86
20082
7318
14
4277
78358
817
846
52257
23178
672
4955
71725
181
39
330
38263
38
695723
45629
53698
83
759
22
70715
981027
684
31
8450
30
1109
4539
831
62091
747713
36018
125
73335
388
35
66
717
97874
60455
235420
916
644024
8973
93
0
3807
481489
849694
7268
937
378
222
89
976
96
552
941
58472
64
656
83745
34
39115
9118
6513
65167
0
251335
8759
114842
82874
843
731677
10
9893
35
21
10690
95311
7848
109490
35492
51402
2353
443994
22300
756133
67290
78
346
738035
606854
656199
246
798673
47
84
2245
6489
4988
7168
1126
900
438638
900
1413
4649
3560
34
375656
42978
842780
7785
29
4717
591
81
8965
60
782
2680
59
5914
27
388301
9875
451299
39490
3097
59926
8506
3371
85
527
37
1779
7
222
9626
191156
6849
80
432
1974
210
565
6775
37901
78900
628
77
243
642330
628
657
7170
82781
75203
894910
259
786
5658
34
34
534997
1445
619574
60639
20
820
99695
15976
59
381918
93565
97
697406
402
966888
28123
9180
21153
147906
4
171
971
41652
553570
4792
37373
9708
116
973
88
879184
93583
9497
92
4850
42223
61122
842
814
117
837042
7222
114602
805
728
5
859270
30500
910768
33
3
8992
5790
718302
3113
37049
35118
745
68413
103
55
21
6258
80
75236
22
24
9378
726
917
96498
15706
2150
23
33
56677
624
275819
822
931330
31
256516
224548
58
74
152
7
8263
1034
94
32
36
4612
266021
81
60300
86022
238
775102
54
410128
23021
14
8594
392283
297
395
453256
42441
1098
34593
634771
4266
211413
280
547
634
606
119
6219
18532
75505
8197
218910
871
258708
640816
89
49
6933
978
45586
8730
285622
506600
794
11143
3817
2
241808
15367
94922
367600
60
460
674
114345
7327
53
56855
457
76
902
386697
3838
53209
4760
561
41205
32
458
8260
471
630
815
147025
173
27245
4
1314
6223
826
51
5778
145
642
95817
438
7823
693
462972
47092
14922
60
474
1137
35480
41329
485382
63295
948863
7
702
57278
5145
38
999
91960
399107
34438
386228
422720
25059
999
921549
16
485
822
45
94
541
925853
8747
17839
7990
834
447770
167491
32839
10166
88711
1869
23
55
859
258
1886
1081
660
486
930
53
727
3778
880
485
96448
586
77
10095
411
86
156864
46985
615
879
93
16124
670
877
5228
12
4557
61983
309199
30247
435
138
82
44
6117
492
84
935
637293
63218
88133
22
27
927134
990882
5871
340740
9208
4549
74
112278
6
9672
887200
52
64
39
72
11
68093
43020
228326
827772
676
70783
82643
50641
582
738428
7720
922
85
768936
89
735
3221
15164
75365
260681
9751
13170
67
