999433
998649
998644
998467
998169
998049
997159
996988
996753
996353
996307
995893
995754
995111
994660
993696
993586
993485
993249
992975
991725
991481
991134
990745
990701
990380
989888
989748
988644
988638
988549
987984
987570
987215
986781
986025
985229
984050
983844
983297
982799
982318
982267
982049
981493
981174
981043
980305
979910
979651
977502
976940
976673
975012
974072
973720
973686
971935
971754
970943
970934
970562
970511
970455
970079
969195
967579
967333
967278
966982
966866
966684
966596
966562
966084
965990
965417
965161
964095
964074
963449
962519
962491
962104
961713
961191
961113
960231
959495
959076
958754
957548
956707
956561
956554
956208
954730
954250
953456
952991
952566
951773
951461
950645
950235
949486
949048
948772
948731
948462
947100
946898
946481
946473
945670
945531
945010
944652
944539
943955
943164
942981
942729
942585
942267
942127
941606
941393
939788
939298
938480
938312
937431
937261
937007
936679
936066
935504
934551
934494
931891
931674
931347
931153
931139
930631
930553
929993
929445
928455
928097
926906
926691
924892
924442
924356
924325
922630
922092
921620
921569
921121
920848
919963
919747
919297
918838
917419
917049
916891
916518
916097
916067
915916
915804
915254
914100
913143
912393
911384
908869
908519
907848
906538
906175
906123
906038
906021
905946
905336
905036
904975
904698
904640
904442
903984
903659
902642
902427
902184
901567
901550
900938
900742
900106
899670
899197
899124
897784
896848
896613
896221
895928
895636
895109
895051
893313
893269
893133
892406
891349
891023
891011
890951
890834
890415
890135
889724
889265
888070
887697
887305
887188
886920
886677
886287
883666
883642
883563
883082
882902
882526
882458
882273
881572
881483
881311
881145
880368
879204
879040
878920
878843
877845
877157
877075
876684
876553
875518
874881
874277
874267
874225
873963
873161
871932
871665
870164
869846
869815
869479
868991
868420
867992
867580
867076
866810
866515
866313
866232
866118
865236
864196
863998
863688
862803
862229
862202
862013
861944
861116
861038
860589
860466
858094
857436
856921
856313
856275
856253
855817
854338
852897
851921
851566
850427
850306
849995
849549
848870
848600
848556
847816
846709
846249
845134
844271
843852
843601
843502
843021
842754
841715
841170
841031
840362
839315
839161
839004
838305
838123
837720
837116
836806
836580
836464
835998
835116
835084
835026
834803
834654
834110
832790
831945
830674
829401
829150
828227
825041
824788
824442
822996
822940
822771
821626
820610
820138
819934
818924
817146
815937
815430
815061
814917
814873
814777
814279
813733
813544
812500
812198
812151
811884
811853
811433
811193
811063
810669
809846
809178
809017
807883
806890
806647
806457
804318
804181
803582
803127
802982
802816
799242
798636
798458
797633
796007
795970
795905
795790
795722
795678
794544
794031
793609
793474
793405
793334
793128
792933
791521
791220
791135
790724
790488
790440
790056
789558
789426
789302
788234
787249
787219
786800
786278
785946
785293
784868
784221
783881
783726
783151
782894
782466
780318
779641
778623
777975
777720
777535
776553
776052
774811
774438
774308
773609
772763
772308
772225
771804
771717
771637
771479
771459
770925
770809
770736
770706
770476
769780
769434
769117
768620
768128
767990
766717
766105
765641
763646
763294
763171
762771
761660
761264
761051
760977
760961
760932
759610
759226
759217
759098
757632
756719
756372
755968
755879
755850
754846
754161
753008
751318
750243
750118
749979
749817
749540
747947
747497
746992
746838
746824
746023
745217
744921
744871
743708
743686
743502
743382
743349
743190
741113
741073
740952
740948
740867
740773
740485
740161
739043
738683
738025
737483
735856
735116
735098
734576
734569
734489
732021
731992
731804
731564
731466
731299
730974
730623
729942
729793
729767
729675
729661
729399
728597
728096
727363
727058
726772
726650
726265
725420
725089
724992
724976
724828
724780
724491
723389
723219
723059
722046
721970
721317
720728
720704
720144
719716
719663
719592
718760
718413
718158
717698
716110
715446
715271
715164
714479
713709
713397
712825
712277
712125
710552
710437
709769
709018
707837
707599
706847
706217
706080
705043
705004
703823
703801
703744
702836
702086
701282
701111
701098
698636
698203
697835
697496
696814
696568
696297
695285
694686
694482
694443
694433
694384
694349
693888
693667
693179
692755
690802
690799
690220
688472
687770
687769
687589
687146
686601
686481
686339
686178
686035
685538
684065
683992
683367
682983
682157
681733
680999
680890
680580
679979
679972
678867
678203
677608
677075
676907
675512
675055
674175
674091
673366
673341
671893
671741
671685
670561
670283
670114
669752
668773
667557
667539
666423
665868
665672
664604
664432
663932
663393
663084
662865
661914
661882
660774
658844
658372
657985
656798
655846
655763
655366
655089
655024
654787
652926
652863
652718
652458
652061
651225
650176
649181
649063
648853
648770
647864
647626
647403
647023
646963
646324
646125
644882
644773
644525
644379
643885
643126
642792
642365
641941
641212
641002
640487
640322
638772
638478
638293
638200
637872
637739
637332
636037
635400
635353
635285
634708
632846
632806
632647
632429
631184
630748
630391
628845
628312
628175
628080
627751
627609
625669
624700
624528
624201
624148
623775
622501
620907
620485
620279
619773
619402
619060
617872
617077
617031
616982
616529
616419
616386
615706
614838
614201
613808
612874
612825
612127
611947
611900
609605
609598
609358
608482
608239
607878
607469
607045
606891
606338
605915
605577
605025
604701
604322
603742
603687
603480
603227
602460
602343
601211
600998
599617
599186
599070
598661
597976
597626
597519
596652
595512
594558
593557
593104
592709
592658
592406
592155
591072
591039
588740
588448
587989
587815
586989
585998
585849
585368
583020
582824
582318
581918
581852
581693
580473
580220
579666
579510
579162
578903
578734
578661
577635
576356
576122
575232
574922
573929
573361
573260
572887
572792
571627
571225
570529
569098
568740
568470
568090
568088
566690
566365
566260
566055
565703
564147
563937
563617
563283
563245
562498
562089
560935
559134
558667
558657
558101
557201
557150
556490
556487
555894
555649
555630
554684
554237
554058
553805
553239
552661
552591
552545
552306
551578
551433
550390
550096
549999
549933
549610
549487
548871
547025
544910
544799
544604
543992
543761
543503
543418
543037
542550
540755
540567
539764
538938
538744
538634
537221
536934
536821
536385
536319
536278
536090
535599
535570
533071
532775
532675
532392
531765
531450
531408
531408
531096
529921
529751
529188
528616
528357
528287
527458
527295
527029
526928
525971
525936
525612
525456
525337
524933
524690
524553
523265
522879
522865
522159
521773
521482
521204
519589
519479
519452
519380
519172
518963
518802
518371
517865
517443
517089
515576
515333
514664
514400
512883
512325
512203
511918
511608
511545
510802
510555
510368
510307
509131
507140
507132
506948
505189
504962
504677
504369
503838
503727
503681
503626
502839
501719
500760
500526
500421
500356
500139
499108
497670
497544
496803
496700
496440
495755
495482
494752
494386
493637
492851
492619
492327
492253
491478
491443
491117
490915
490682
490566
490408
487922
486854
486066
485452
485328
484586
484033
484009
482718
482639
482591
481721
481475
480828
480767
479532
479380
478421
478376
476156
475307
474860
474484
473513
472843
472385
471683
470916
470860
470269
470160
469721
469549
469328
469261
468339
467166
466925
466717
466669
466453
466089
465462
465170
465048
465048
464269
463675
463648
462494
462445
462378
461575
461339
461209
459495
459450
458874
458487
458052
457633
457557
456514
456103
455406
455254
455242
455191
454577
454446
453639
453305
453146
452676
451000
450678
450237
449269
449243
448920
448725
448497
448482
447703
447334
446910
446903
446619
446078
446019
444164
444161
443568
442947
442330
442158
441212
439878
439633
439106
439096
438748
438606
438544
437308
437015
435981
435900
435278
435117
434753
434581
434301
433224
432806
432750
432385
432226
431910
431654
431364
431011
430299
430002
429959
429917
429861
429200
428505
428272
428107
428071
426917
424509
424250
424233
424091
423842
423289
423256
423220
423167
422409
421840
421793
421716
420995
420551
420372
419511
419465
418152
417593
417470
417447
417051
416994
416040
416023
415704
414538
414246
414050
413239
412650
411246
411032
410862
410483
409154
409101
409081
408268
407920
407376
407322
407275
405876
405415
404125
403690
402670
402517
402477
402285
401567
401343
401278
401110
400492
400355
399284
398061
397774
396854
394711
394488
394391
393731
393691
393538
393339
392493
392127
391000
389266
389027
388999
387094
383758
383593
383124
382859
382670
382220
381291
381190
381189
380971
380589
380426
378272
377911
377774
377768
377633
376250
376187
375866
374864
374054
373050
372885
372526
372495
371580
371167
370985
369400
369153
369092
368748
367768
367376
367070
366962
366912
366904
366325
365958
365693
365565
365484
365167
364354
363430
362270
362221
361725
361307
361247
361223
361166
360056
358949
358679
358469
357419
357286
356971
356509
356014
355214
354932
354349
354121
353632
353623
353024
352865
352401
351833
350881
350386
350248
348583
348161
347953
347464
347432
347299
346446
345716
345457
345154
342713
341538
340889
340455
340350
338903
338887
338303
338278
337522
337474
336300
336183
335911
335716
335397
334390
332849
332459
332428
332276
332180
331465
331299
328933
328916
327312
326901
326537
325196
323867
323079
323003
322382
321966
321666
321598
320972
320947
319795
319677
319477
319181
319052
317979
317376
315268
314806
314315
313786
313629
310978
310112
309564
309477
309026
308358
306682
306408
305902
305783
304513
304334
304324
304265
304167
303723
303583
302985
301432
301353
300896
300341
299954
299762
299518
299129
299015
298778
298756
298493
298056
297974
297242
297026
296673
296096
295921
295856
295655
295277
295033
294618
293092
293066
292460
292211
291949
291690
291438
291396
290879
290440
289473
288975
288303
287833
286515
285541
285521
285126
284481
284381
284052
283871
283788
282880
282841
282240
282203
282157
281573
280718
279207
278641
278480
278250
277549
276647
276607
275941
275615
275244
275046
274337
273644
273531
273467
273442
273150
272549
272477
272285
272238
270830
270223
269666
269112
268705
267876
267116
266665
266388
266135
265627
265602
264796
264604
264138
264132
263391
263361
262483
261940
260947
260804
260725
260099
259641
259046
258424
258259
257316
257183
256770
255000
254893
254560
254479
254267
253778
252687
251735
251687
251644
251394
250834
250626
249890
249208
248279
247750
247696
247213
247136
245946
245632
243731
243345
241544
241174
240086
240037
239540
238938
238097
237908
236839
236677
236565
236466
235687
234784
234770
234689
234554
234514
234265
233990
233743
233453
233024
229540
228789
228235
227311
227226
226981
226684
226621
226193
226163
226112
224548
224040
223591
223561
222160
219098
218683
218668
217857
217272
216653
216423
215556
214679
214337
212962
212944
212603
212561
212149
211434
210736
209168
208880
207941
207804
206210
206012
205571
205539
204831
204469
204050
202791
202732
202351
201736
201397
200287
199469
198851
198686
197446
196766
195757
194211
193880
192850
192261
191345
190737
190529
190283
189986
189733
189611
189508
189495
189184
189000
188615
186863
186640
186490
186107
185769
185137
184990
184030
182013
181674
181051
179990
179840
179717
179486
178210
178117
177899
177852
177708
176223
175872
175564
175540
175110
173219
172798
170841
170759
170006
169759
169699
168997
168754
168515
168395
168133
167955
167931
167209
166298
166136
165971
165566
165560
165393
165172
164870
164237
164218
163494
163476
161980
161355
160417
160187
159623
158461
158401
158320
155900
155863
155499
154571
154083
153574
151906
150028
149880
148831
148695
148463
148449
147762
147629
147601
147122
147105
146377
145031
144220
143442
142816
142070
141611
141490
141203
140371
140105
140051
138455
138274
137796
136433
135925
135143
134908
134704
133755
133754
132364
132335
132194
131572
131557
131167
130099
129571
129516
129055
128858
128749
128728
128335
127442
126782
126682
126336
126186
125918
125362
125349
125114
124924
124798
123896
123421
123060
122468
122080
120661
120482
119861
119764
119238
117996
117165
116842
116492
115240
112207
112049
111909
111725
111681
111546
111492
111106
110793
109873
108187
107704
107517
107479
107322
106688
106398
106193
104593
103600
102883
102478
102242
101206
100759
100088
99907
99869
99778
99776
99758
99751
99689
99685
99666
99591
99543
99540
99513
99452
99416
99411
99395
99365
99352
99344
99202
99166
99153
99119
99109
99052
99016
99005
98929
98902
98857
98815
98783
98745
98743
98741
98721
98643
98642
98483
98242
98218
98135
98132
98115
98111
98101
98066
98062
98019
97980
97938
97851
97819
97631
97626
97625
97605
97551
97462
97442
97340
97336
97288
97278
97268
97266
97252
97210
97159
97139
97121
97035
97034
96966
96964
96928
96902
96859
96818
96785
96744
96724
96714
96646
96600
96550
96521
96460
96428
96383
96279
96159
96080
95970
95964
95962
95936
95929
95813
95789
95750
95737
95561
95511
95465
95454
95407
95370
95358
95314
95213
95195
95178
95150
95097
94990
94987
94895
94834
94766
94759
94723
94722
94628
94601
94497
94387
94302
94218
94215
94197
94099
94092
94050
94036
94021
93998
93938
93934
93917
93846
93775
93549
93478
93452
93445
93399
93391
93338
93317
93292
93219
93174
93114
93095
93090
93029
92996
92994
92992
92990
92826
92818
92779
92698
92622
92621
92582
92570
92564
92495
92446
92422
92300
92257
92244
92115
92112
92095
92070
92013
91954
91867
91828
91823
91765
91757
91742
91734
91563
91560
91528
91493
91488
91472
91469
91453
91443
91378
91320
91317
91117
91061
91031
90957
90935
90853
90803
90795
90711
90708
90698
90440
90373
90314
90302
90254
90242
90163
90133
90101
90095
90090
90016
89820
89755
89749
89676
89673
89561
89522
89478
89425
89356
89320
89278
89188
89163
89143
89122
89090
89019
88966
88956
88925
88888
88862
88840
88837
88763
88749
88745
88580
88551
88541
88477
88425
88416
88410
88398
88388
88216
88176
88113
88013
88013
87899
87889
87872
87869
87847
87747
87743
87740
87613
87488
87457
87424
87407
87384
87378
87333
87259
87192
87184
87138
87087
86913
86912
86818
86700
86644
86619
86586
86535
86505
86488
86481
86448
86393
86390
86361
86246
86229
86184
86178
86127
86075
85976
85974
85941
85854
85840
85812
85808
85797
85778
85757
85706
85699
85643
85625
85595
85560
85536
85525
85472
85448
85403
85392
85380
85359
85348
85343
85112
85095
85071
85038
85012
84941
84837
84805
84770
84641
84583
84441
84370
84269
84212
84211
84056
83995
83835
83829
83825
83823
83785
83748
83740
83729
83718
83691
83632
83553
83513
83468
83436
83378
83360
83342
83340
83339
83302
83282
83224
83217
83118
83087
83082
82981
82960
82916
82831
82820
82796
82775
82748
82741
82676
82675
82637
82520
82512
82477
82477
82473
82455
82342
82295
82292
82178
82135
82068
82039
82007
81967
81957
81925
81883
81880
81853
81824
81811
81782
81777
81756
81691
81659
81630
81624
81592
81534
81534
81531
81381
81336
81277
81188
81184
81155
81150
81120
81030
80995
80942
80890
80866
80833
80824
80772
80761
80686
80638
80588
80546
80529
80526
80475
80456
80375
80363
80316
80312
80301
80245
80223
80178
80172
80170
80169
80146
80119
79948
79944
79941
79904
79758
79728
79676
79518
79468
79424
79396
79313
79141
79133
79097
78941
78940
78886
78882
78822
78776
78761
78696
78635
78602
78592
78525
78518
78475
78458
78376
78355
78319
78310
78302
78255
78226
78200
78184
78174
78057
78042
78025
77925
77808
77804
77775
77735
77697
77633
77601
77508
77480
77474
77460
77456
77393
77308
77302
77256
77211
77192
77134
77082
77025
77013
77002
76972
76853
76849
76767
76760
76602
76579
76567
76496
76455
76442
76442
76429
76398
76307
76285
76257
76238
76217
76191
76165
76117
75971
75946
75940
75937
75815
75670
75627
75599
75513
75460
75458
75434
75321
75270
75225
75219
75113
75106
75083
75068
75035
74988
74974
74873
74809
74781
74763
74752
74691
74614
74608
74597
74566
74414
74360
74311
74291
74201
74154
74094
74093
74063
74030
73936
73907
73848
73839
73827
73827
73761
73726
73725
73718
73694
73550
73519
73501
73363
73354
73333
73311
73262
73228
73204
73154
73085
73079
73025
72906
72852
72833
72832
72781
72775
72721
72635
72588
72561
72534
72470
72434
72191
72166
72072
72063
72062
72018
71925
71906
71821
71787
71768
71716
71620
71530
71526
71507
71504
71416
71359
71203
71152
71092
71057
70944
70942
70939
70833
70819
70662
70641
70542
70509
70474
70433
70425
70414
70398
70369
70312
70292
70291
70256
70249
70180
70146
70143
70075
70050
70007
69970
69895
69877
69863
69862
69856
69782
69780
69770
69756
69754
69745
69729
69720
69679
69651
69623
69555
69539
69482
69474
69463
69409
69351
69220
69178
69146
69114
69034
68871
68854
68842
68841
68807
68748
68746
68685
68543
68542
68448
68372
68359
68350
68342
68239
68236
68228
68194
68135
68090
68085
68060
68054
68020
67966
67904
67877
67830
67809
67733
67703
67655
67644
67595
67556
67529
67488
67459
67433
67373
67370
67331
67205
67175
67154
67152
67104
67077
67051
66979
66977
66945
66839
66814
66717
66671
66670
66637
66602
66487
66353
66345
66331
66329
66317
66317
66233
66208
66183
66172
66141
66139
66137
66126
66118
66037
65981
65972
65915
65829
65766
65766
65631
65600
65528
65268
65170
65143
65053
65031
64999
64983
64973
64964
64959
64929
64923
64904
64845
64841
64840
64686
64670
64592
64467
64414
64288
64282
64273
64246
64208
64171
64095
64082
64050
64039
63967
63940
63858
63747
63640
63536
63456
63408
63403
63343
63321
63309
63213
63203
63027
63023
62992
62939
62859
62840
62803
62685
62646
62645
62620
62542
62522
62505
62480
62419
62370
62326
62308
62293
62168
62071
61835
61780
61731
61685
61681
61655
61583
61549
61498
61438
61407
61367
61260
61175
61139
61045
60992
60938
60918
60913
60907
60877
60865
60799
60695
60667
60644
60591
60581
60550
60476
60473
60340
60269
60258
60254
60238
60225
60149
60067
60043
60031
59983
59978
59928
59866
59844
59755
59732
59541
59522
59493
59436
59275
59123
59054
59003
58943
58929
58892
58847
58770
58723
58695
58603
58552
58550
58535
58518
58451
58379
58335
58325
58313
58312
58304
58182
58079
58070
58023
57958
57946
57835
57760
57685
57578
57545
57519
57494
57460
57457
57437
57391
57338
57288
57272
57267
57134
57129
57083
57046
57035
57004
56961
56960
56951
56888
56877
56860
56860
56833
56796
56787
56762
56715
56699
56639
56630
56536
56520
56463
56437
56432
56385
56380
56327
56309
56277
56253
56237
56192
56192
56179
56172
56109
56088
56086
55999
55930
55900
55830
55826
55740
55685
55586
55559
55474
55470
55457
55454
55450
55406
55404
55392
55261
55260
55238
55210
55204
55077
54988
54955
54941
54939
54882
54815
54799
54788
54720
54713
54695
54667
54547
54544
54485
54460
54384
54364
54305
54299
54295
54276
54258
54249
54237
54204
54186
54154
54143
54138
54072
53969
53953
53888
53823
53812
53798
53725
53719
53703
53672
53648
53583
53432
53372
53361
53249
53235
53203
53111
53102
53065
53036
53000
52971
52966
52955
52924
52875
52797
52786
52724
52718
52652
52485
52457
52444
52427
52419
52378
52346
52305
52192
52182
52181
52170
52122
52116
52102
51999
51959
51946
51872
51776
51735
51601
51582
51550
51471
51463
51320
51314
51304
51301
51287
51286
51254
51224
51160
51055
51012
50919
50891
50877
50832
50751
50728
50703
50702
50682
50587
50519
50420
50353
50271
50232
50224
50171
50092
50074
50048
50005
49981
49823
49800
49798
49776
49758
49743
49722
49699
49686
49680
49655
49615
49570
49537
49458
49410
49351
49322
49290
49216
49180
49024
48933
48929
48918
48881
48825
48808
48801
48797
48695
48669
48611
48585
48577
48527
48508
48492
48452
48442
48351
48110
48032
48030
47898
47848
47794
47747
47711
47685
47665
47576
47568
47487
47386
47365
47294
47208
47179
47144
47031
47014
47001
46995
46906
46851
46832
46828
46824
46797
46792
46788
46788
46774
46759
46746
46737
46714
46704
46673
46630
46511
46496
46496
46391
46360
46342
46142
46111
46081
46057
46032
45986
45938
45888
45882
45865
45836
45744
45729
45699
45662
45651
45642
45628
45623
45591
45560
45511
45456
45427
45369
45311
45275
45168
45142
45027
45023
44996
44995
44958
44869
44836
44709
44683
44599
44589
44576
44542
44493
44426
44411
44388
44344
44297
44257
44253
44184
44081
44078
44069
44052
44050
44049
44002
43963
43960
43955
43858
43850
43841
43651
43630
43587
43553
43531
43490
43468
43460
43398
43366
43281
43246
43178
43095
43085
43070
43040
43001
42961
42949
42904
42898
42888
42870
42853
42847
42700
42653
42498
42467
42429
42384
42289
42262
42246
42097
42032
42004
41993
41987
41932
41884
41766
41764
41702
41684
41615
41478
41387
41359
41356
41348
41341
41327
41305
41289
41277
41272
41246
41221
41219
41215
41204
41198
41134
41093
40912
40847
40812
40730
40698
40669
40634
40575
40520
40508
40487
40398
40381
40353
40280
40147
40139
40070
40040
40011
39978
39953
39872
39820
39782
39768
39743
39686
39663
39527
39500
39487
39411
39400
39370
39349
39337
39246
39232
39196
39118
39063
39044
39004
38973
38964
38913
38844
38767
38724
38622
38563
38543
38519
38467
38466
38461
38401
38346
38323
38230
38225
38197
38122
38096
38094
38028
37919
37914
37906
37854
37837
37624
37575
37573
37510
37482
37420
37404
37404
37403
37361
37358
37280
37135
37077
37047
36987
36959
36944
36896
36864
36862
36853
36833
36684
36667
36638
36592
36539
36394
36350
36339
36329
35950
35938
35879
35833
35744
35701
35691
35662
35644
35626
35593
35524
35517
35503
35456
35344
35329
35293
35218
35204
35161
35152
35067
35062
35047
34995
34985
34971
34786
34770
34744
34651
34633
34576
34548
34390
34296
33954
33936
33873
33805
33793
33759
33709
33655
33609
33567
33559
33485
33444
33388
33363
33254
33211
33201
33047
33029
33022
32842
32818
32739
32695
32666
32663
32662
32581
32521
32475
32322
32280
32247
32227
32139
32109
31989
31979
31962
31954
31952
31936
31886
31872
31863
31838
31807
31765
31764
31562
31479
31473
31472
31419
31396
31369
31331
31329
31285
31271
31242
31238
31162
31162
31116
31073
30987
30986
30984
30926
30796
30783
30756
30683
30491
30484
30453
30364
30299
30237
30212
30190
30168
30160
30160
30145
30128
30119
30069
30044
30034
29981
29976
29915
29874
29810
29802
29799
29767
29621
29534
29504
29465
29447
29343
29307
29157
29110
29083
29016
28935
28923
28903
28892
28868
28847
28784
28701
28696
28695
28664
28588
28586
28480
28457
28401
28369
28342
28335
28329
28308
28240
28076
28007
27929
27877
27775
27753
27668
27568
27523
27468
27422
27274
27271
27224
27179
27126
27125
27058
27002
26977
26941
26938
26862
26840
26812
26723
26696
26691
26647
26623
26612
26463
26416
26410
26358
26347
26344
26339
26338
26131
26082
26025
26010
25978
25901
25848
25829
25653
25615
25574
25414
25205
25202
25161
25108
25083
25075
24982
24871
24866
24779
24771
24606
24573
24530
24525
24523
24516
24492
24469
24381
24280
24235
24196
24100
24006
23953
23951
23785
23785
23773
23772
23766
23693
23673
23590
23466
23413
23340
23215
23183
23157
22997
22973
22948
22859
22800
22757
22745
22628
22602
22583
22531
22508
22495
22494
22402
22368
22330
22322
22311
22122
22031
21955
21882
21712
21608
21582
21482
21468
21456
21365
21348
21338
21316
21256
21224
21205
21176
21163
21058
21040
21035
21006
20930
20913
20899
20846
20764
20747
20739
20662
20628
20594
20518
20493
20380
20377
20367
20350
20277
20267
20230
20222
20200
20037
20033
20011
19945
19913
19869
19855
19836
19675
19655
19615
19570
19551
19529
19525
19482
19414
19288
19287
19175
19010
18851
18787
18764
18747
18743
18609
18565
18516
18501
18495
18480
18393
18379
18354
18299
18291
18287
18230
18211
18180
18025
18018
18003
17902
17845
17801
17771
17762
17606
17603
17600
17591
17554
17551
17503
17479
17370
17313
17263
17244
17156
17073
17066
16990
16961
16919
16893
16810
16735
16698
16647
16590
16546
16534
16517
16439
16355
16339
16280
16263
16199
16071
16005
15947
15912
15882
15794
15791
15729
15693
15688
15630
15510
15483
15454
15416
15372
15321
15309
15265
15218
15206
15173
15169
15130
15096
15039
14990
14951
14860
14842
14785
14748
14710
14672
14605
14536
14525
14490
14426
14402
14390
14368
14305
14293
14253
14106
14040
13973
13971
13959
13935
13932
13923
13912
13898
13816
13762
13751
13741
13624
13573
13568
13565
13563
13452
13446
13432
13330
13314
13250
13219
13216
13170
13128
13073
13065
12957
12921
12761
12655
12648
12600
12493
12359
12350
12284
12248
12029
11997
11901
11846
11809
11788
11776
11772
11764
11732
11730
11707
11639
11428
11335
11243
11242
11216
11132
11089
11087
11074
11063
11050
11039
10948
10879
10837
10800
10695
10601
10548
10453
10351
10320
10146
10019
9997
9991
9979
9966
9962
9945
9939
9935
9930
9923
9918
9916
9911
9911
9911
9902
9893
9889
9877
9877
9874
9872
9871
9870
9869
9864
9857
9855
9848
9843
9841
9837
9837
9833
9828
9826
9822
9820
9819
9813
9811
9809
9807
9802
9796
9792
9784
9773
9769
9768
9757
9756
9753
9751
9749
9744
9733
9733
9717
9716
9715
9712
9710
9704
9704
9694
9690
9685
9683
9682
9680
9679
9675
9673
9667
9666
9664
9661
9654
9652
9647
9643
9636
9632
9631
9615
9614
9610
9609
9595
9592
9589
9564
9562
9553
9549
9541
9541
9538
9532
9526
9525
9522
9520
9515
9505
9498
9498
9494
9492
9490
9490
9489
9483
9476
9469
9464
9463
9461
9461
9459
9455
9452
9445
9440
9436
9434
9424
9424
9423
9416
9411
9411
9405
9401
9399
9398
9391
9389
9380
9372
9369
9368
9357
9349
9348
9343
9343
9334
9333
9330
9322
9318
9318
9312
9302
9294
9292
9284
9283
9266
9265
9262
9261
9261
9259
9255
9254
9249
9240
9236
9233
9229
9210
9208
9205
9205
9205
9204
9198
9194
9194
9191
9190
9186
9184
9179
9178
9176
9174
9172
9171
9169
9166
9164
9159
9157
9154
9149
9148
9146
9145
9145
9142
9132
9121
9120
9117
9116
9114
9113
9113
9112
9106
9104
9101
9095
9093
9070
9070
9058
9057
9046
9042
9035
9033
9025
9023
9022
9019
9015
9007
8996
8992
8986
8983
8974
8968
8965
8946
8941
8937
8937
8934
8926
8926
8923
8919
8918
8914
8912
8911
8910
8908
8906
8898
8894
8880
8880
8879
8877
8869
8867
8853
8843
8843
8839
8833
8831
8831
8826
8820
8814
8802
8784
8782
8781
8781
8764
8759
8754
8752
8745
8735
8734
8730
8720
8718
8717
8712
8706
8702
8698
8696
8687
8687
8686
8666
8663
8658
8643
8635
8593
8592
8581
8580
8562
8561
8560
8543
8531
8522
8519
8516
8512
8511
8508
8500
8497
8485
8477
8448
8444
8444
8441
8429
8428
8425
8415
8410
8400
8400
8390
8390
8389
8386
8383
8382
8382
8371
8369
8360
8352
8351
8347
8336
8335
8331
8328
8328
8326
8322
8300
8292
8291
8290
8280
8277
8277
8273
8273
8266
8259
8257
8252
8252
8249
8248
8248
8247
8247
8247
8246
8240
8239
8236
8235
8231
8220
8218
8205
8204
8186
8186
8176
8171
8148
8145
8136
8130
8126
8126
8125
8119
8114
8109
8104
8094
8093
8093
8084
8083
8083
8077
8061
8059
8054
8050
8046
8040
8034
8028
8028
8023
8022
8020
8019
8018
8016
8013
8008
8001
7998
7996
7996
7990
7989
7976
7975
7975
7973
7964
7964
7953
7951
7941
7933
7916
7901
7886
7881
7876
7868
7859
7857
7837
7837
7835
7831
7829
7824
7818
7817
7814
7806
7799
7796
7796
7795
7788
7786
7785
7777
7772
7758
7758
7750
7749
7744
7741
7735
7728
7728
7728
7723
7697
7695
7690
7683
7677
7669
7667
7655
7653
7652
7650
7641
7640
7640
7626
7625
7624
7620
7610
7608
7605
7602
7602
7599
7599
7597
7594
7590
7581
7574
7572
7564
7561
7552
7550
7550
7550
7546
7530
7524
7522
7522
7519
7517
7510
7503
7496
7485
7484
7481
7479
7477
7476
7468
7461
7460
7453
7440
7434
7433
7432
7430
7429
7428
7428
7428
7423
7421
7420
7414
7401
7397
7394
7392
7388
7387
7384
7384
7380
7379
7374
7372
7369
7368
7359
7351
7347
7339
7324
7319
7310
7295
7290
7278
7276
7270
7254
7243
7241
7237
7232
7229
7229
7224
7223
7221
7212
7206
7206
7196
7194
7181
7180
7174
7169
7164
7159
7159
7157
7157
7155
7154
7152
7151
7149
7149
7148
7146
7143
7134
7133
7132
7121
7117
7114
7110
7105
7103
7082
7079
7078
7078
7068
7067
7066
7061
7060
7059
7056
7055
7049
7043
7038
7028
7020
7017
7014
7010
7009
7006
7006
6994
6991
6981
6977
6974
6971
6969
6969
6963
6962
6959
6946
6943
6934
6930
6928
6920
6913
6912
6911
6901
6900
6899
6896
6892
6885
6877
6874
6872
6865
6849
6842
6835
6828
6825
6825
6808
6807
6806
6805
6794
6790
6787
6785
6778
6771
6769
6768
6768
6763
6759
6758
6757
6754
6751
6749
6748
6746
6741
6737
6724
6719
6710
6709
6706
6686
6682
6681
6680
6672
6664
6657
6643
6640
6639
6634
6622
6621
6620
6606
6603
6597
6593
6591
6589
6574
6572
6571
6560
6557
6539
6538
6536
6535
6533
6530
6519
6514
6510
6505
6501
6500
6500
6497
6494
6485
6479
6476
6464
6458
6457
6456
6452
6449
6447
6446
6446
6444
6434
6416
6401
6400
6390
6389
6384
6381
6367
6367
6364
6363
6360
6358
6346
6344
6342
6328
6325
6324
6324
6311
6309
6306
6302
6298
6283
6280
6279
6259
6256
6248
6247
6246
6243
6241
6239
6223
6215
6213
6207
6206
6191
6175
6174
6163
6159
6153
6145
6142
6136
6136
6134
6133
6130
6123
6123
6116
6109
6105
6105
6104
6103
6101
6099
6091
6086
6078
6068
6051
6049
6048
6047
6037
6036
6036
6023
6023
6020
6009
6007
6005
6004
6003
5988
5986
5985
5985
5983
5981
5978
5976
5972
5970
5960
5953
5951
5950
5949
5949
5948
5947
5947
5944
5941
5933
5933
5930
5926
5922
5917
5914
5909
5909
5894
5885
5881
5879
5876
5871
5871
5866
5865
5858
5858
5858
5854
5850
5848
5848
5847
5843
5842
5833
5817
5813
5812
5796
5795
5790
5790
5789
5788
5786
5786
5786
5781
5777
5774
5770
5766
5754
5754
5754
5743
5725
5719
5719
5709
5707
5703
5699
5695
5694
5690
5689
5680
5679
5670
5664
5661
5658
5656
5649
5644
5641
5638
5638
5637
5636
5634
5627
5623
5621
5618
5617
5616
5613
5611
5610
5607
5598
5587
5585
5584
5581
5581
5578
5577
5568
5553
5544
5542
5534
5528
5525
5518
5513
5512
5510
5508
5503
5503
5501
5498
5485
5483
5473
5472
5472
5469
5465
5461
5459
5458
5455
5450
5449
5448
5446
5444
5439
5432
5430
5429
5419
5414
5414
5409
5403
5397
5396
5396
5388
5386
5383
5381
5372
5371
5367
5360
5357
5352
5347
5347
5335
5328
5327
5313
5305
5303
5303
5292
5289
5285
5284
5284
5283
5273
5272
5270
5262
5261
5259
5252
5251
5246
5240
5240
5234
5233
5226
5223
5222
5219
5215
5212
5210
5203
5203
5200
5197
5191
5191
5188
5188
5186
5183
5180
5175
5168
5168
5154
5151
5148
5147
5146
5145
5141
5133
5133
5131
5131
5126
5123
5120
5119
5118
5100
5094
5090
5081
5081
5074
5072
5071
5070
5069
5058
5057
5049
5049
5043
5040
5039
5039
5025
5011
5007
5003
4999
4991
4984
4983
4961
4954
4952
4948
4947
4924
4919
4906
4899
4898
4890
4888
4885
4881
4879
4878
4867
4854
4852
4851
4850
4845
4843
4831
4817
4809
4808
4796
4794
4792
4790
4790
4782
4780
4779
4778
4777
4770
4764
4761
4750
4750
4748
4746
4734
4714
4709
4705
4698
4690
4689
4683
4680
4676
4667
4664
4652
4631
4630
4630
4630
4629
4627
4617
4615
4612
4604
4603
4602
4599
4599
4599
4596
4591
4590
4584
4583
4582
4576
4564
4553
4551
4550
4548
4546
4546
4542
4541
4541
4539
4538
4538
4536
4534
4534
4531
4528
4523
4516
4509
4498
4494
4482
4475
4475
4468
4464
4460
4453
4447
4440
4437
4437
4436
4431
4431
4413
4409
4402
4387
4369
4361
4355
4343
4341
4339
4338
4337
4337
4334
4333
4326
4325
4319
4316
4315
4314
4311
4306
4305
4299
4283
4276
4268
4266
4264
4260
4259
4258
4249
4229
4224
4224
4223
4212
4207
4206
4205
4202
4192
4188
4182
4174
4171
4165
4164
4161
4153
4151
4150
4145
4143
4143
4135
4135
4133
4124
4124
4117
4116
4111
4110
4109
4101
4100
4100
4100
4097
4087
4086
4086
4071
4064
4057
4054
4054
4037
4037
4028
4026
4023
4020
4019
4016
4015
4011
4006
4006
3994
3990
3989
3972
3969
3967
3963
3958
3956
3955
3945
3928
3928
3927
3926
3923
3918
3905
3896
3896
3890
3887
3884
3882
3866
3862
3848
3848
3845
3845
3835
3835
3834
3826
3819
3818
3818
3815
3815
3811
3807
3805
3786
3786
3783
3783
3772
3768
3768
3766
3756
3753
3739
3736
3735
3734
3722
3718
3717
3716
3716
3709
3690
3689
3688
3686
3676
3676
3662
3661
3657
3655
3652
3652
3652
3646
3644
3644
3641
3630
3626
3623
3622
3613
3612
3611
3602
3602
3600
3594
3589
3586
3586
3577
3565
3565
3562
3561
3553
3550
3547
3531
3528
3521
3520
3519
3518
3498
3497
3497
3494
3489
3482
3477
3477
3476
3475
3475
3469
3469
3466
3465
3461
3459
3456
3449
3444
3443
3439
3425
3425
3424
3424
3423
3412
3407
3405
3404
3400
3396
3396
3392
3390
3383
3378
3376
3368
3363
3362
3357
3350
3348
3342
3336
3331
3329
3304
3302
3296
3294
3290
3289
3275
3267
3266
3265
3263
3241
3239
3235
3221
3214
3213
3212
3203
3200
3197
3195
3191
3188
3180
3171
3166
3159
3159
3158
3158
3155
3153
3145
3144
3123
3122
3115
3115
3114
3106
3104
3102
3102
3096
3096
3088
3085
3084
3079
3072
3072
3069
3067
3060
3055
3047
3045
3038
3037
3037
3037
3036
3033
3026
3023
3020
3016
3013
3011
3011
3005
3004
3002
2995
2982
2978
2977
2970
2961
2956
2944
2934
2924
2922
2913
2909
2903
2901
2898
2891
2880
2877
2873
2869
2869
2864
2860
2860
2851
2850
2843
2839
2839
2838
2837
2837
2831
2823
2821
2808
2789
2777
2777
2774
2767
2766
2763
2745
2743
2740
2739
2732
2731
2726
2722
2709
2705
2702
2695
2693
2693
2687
2687
2680
2678
2676
2674
2672
2668
2662
2661
2651
2648
2643
2641
2635
2634
2631
2628
2622
2613
2613
2604
2600
2599
2593
2591
2587
2586
2584
2577
2567
2559
2559
2551
2541
2539
2526
2525
2522
2512
2509
2504
2498
2491
2486
2475
2473
2468
2466
2462
2457
2457
2457
2453
2453
2447
2447
2441
2439
2435
2432
2407
2405
2404
2402
2402
2402
2387
2387
2384
2380
2366
2364
2361
2353
2349
2348
2348
2347
2345
2338
2334
2329
2327
2327
2315
2306
2305
2302
2295
2295
2291
2285
2280
2276
2276
2263
2254
2244
2234
2232
2231
2231
2230
2230
2223
2222
2222
2222
2217
2210
2204
2203
2195
2182
2182
2182
2170
2160
2151
2148
2141
2134
2126
2121
2121
2115
2112
2106
2105
2075
2070
2063
2060
2059
2050
2050
2045
2044
2043
2042
2035
2019
2014
2011
2004
2004
2001
1983
1977
1969
1961
1957
1956
1950
1948
1947
1939
1936
1934
1930
1920
1919
1917
1915
1915
1902
1890
1885
1883
1881
1877
1874
1874
1867
1857
1849
1846
1846
1843
1840
1837
1834
1834
1826
1814
1808
1804
1800
1796
1792
1791
1789
1789
1788
1782
1776
1774
1770
1760
1758
1758
1756
1752
1747
1745
1735
1734
1731
1725
1724
1719
1719
1718
1716
1715
1712
1706
1698
1689
1686
1680
1679
1676
1666
1663
1648
1645
1645
1642
1634
1632
1631
1622
1609
1605
1603
1597
1594
1593
1583
1579
1576
1574
1571
1571
1569
1568
1566
1562
1557
1553
1553
1546
1539
1537
1533
1526
1524
1520
1516
1515
1511
1498
1491
1490
1488
1488
1483
1481
1479
1473
1473
1470
1466
1459
1459
1438
1434
1434
1431
1428
1427
1424
1422
1422
1421
1418
1407
1403
1390
1389
1380
1379
1377
1376
1374
1370
1367
1364
1358
1356
1351
1350
1336
1333
1332
1325
1324
1323
1316
1315
1314
1312
1295
1294
1290
1281
1277
1274
1272
1263
1257
1255
1255
1248
1243
1240
1239
1237
1237
1237
1233
1230
1225
1224
1223
1217
1205
1192
1187
1185
1182
1177
1163
1151
1148
1147
1146
1143
1135
1124
1120
1115
1113
1108
1107
1102
1100
1099
1093
1087
1085
1084
1078
1074
1072
1067
1065
1063
1061
1052
1050
1048
1044
1032
1030
1030
1028
1028
1019
1012
1007
998
998
998
998
998
997
997
997
997
996
995
994
994
993
993
993
993
991
991
991
990
989
989
989
989
988
988
988
987
986
985
984
983
982
982
982
981
981
981
981
981
980
980
980
979
979
978
978
977
977
977
977
976
976
976
976
976
975
975
974
974
974
973
973
973
973
973
973
973
972
972
972
971
971
970
969
968
968
968
968
968
967
967
967
966
966
966
964
964
963
963
962
962
961
961
960
960
960
960
959
959
959
958
957
957
957
957
956
956
956
956
956
956
955
955
955
955
954
954
954
954
954
953
952
951
951
950
949
948
948
947
947
947
946
946
945
945
945
944
944
944
944
943
943
943
940
940
939
939
938
938
938
937
935
934
933
932
931
930
930
928
928
928
927
926
926
926
925
924
923
922
921
921
921
921
920
919
919
919
919
918
918
918
918
918
918
918
917
917
916
915
915
915
915
915
915
914
914
913
913
913
912
912
911
910
909
909
909
909
907
907
906
906
906
905
905
905
903
903
902
901
901
900
900
900
900
900
899
899
899
898
897
896
896
896
895
895
895
895
895
894
894
894
893
893
893
892
891
891
891
891
891
890
890
889
889
889
888
888
887
887
886
886
885
884
883
883
883
882
881
881
881
880
879
879
879
879
878
878
877
877
876
876
876
876
876
875
874
874
873
871
871
870
870
869
869
869
868
868
868
867
867
867
866
865
864
863
862
861
861
861
860
860
859
859
859
859
858
857
857
857
856
856
856
855
855
854
854
854
854
852
852
851
851
850
849
849
849
847
847
847
847
847
846
845
844
844
843
843
843
842
842
842
842
842
841
840
839
839
839
839
839
838
838
837
837
836
836
835
835
835
835
834
833
833
832
832
832
831
831
831
828
828
826
826
826
826
825
824
824
824
823
823
822
822
821
820
820
820
819
819
817
817
816
816
816
816
816
815
815
815
814
813
813
813
812
812
811
811
810
810
810
809
808
807
807
807
807
806
806
805
805
805
805
804
803
803
803
802
802
802
802
802
802
801
801
801
801
799
798
798
798
796
795
795
794
794
794
794
793
793
792
792
791
790
790
789
789
788
788
788
787
787
787
786
786
784
784
783
783
783
783
782
782
781
781
780
780
780
779
779
779
778
778
778
778
777
777
776
776
776
775
775
775
775
775
774
773
773
773
773
773
771
771
770
770
769
769
769
768
766
766
765
765
765
765
764
763
763
762
761
761
761
761
761
761
760
760
760
760
760
759
754
754
754
754
753
752
752
751
751
750
750
749
749
749
749
749
749
748
747
746
746
746
745
745
745
745
744
744
744
744
742
742
742
741
741
741
740
740
740
740
740
739
739
738
738
738
737
735
735
735
734
733
732
732
732
731
731
731
730
730
730
730
730
729
729
729
729
727
727
727
726
726
725
725
724
723
723
723
722
721
720
720
720
720
719
719
718
718
717
717
716
716
715
715
715
714
714
714
714
713
713
712
712
712
712
711
711
710
709
709
708
708
707
707
707
706
705
705
704
704
704
703
703
703
703
703
702
702
701
701
701
701
700
700
700
700
699
699
699
696
696
696
696
696
696
693
693
692
691
690
689
689
689
688
688
688
687
687
687
686
686
686
685
684
684
684
682
681
681
681
680
679
678
678
678
677
677
676
676
676
676
675
675
675
674
674
674
673
673
673
673
672
671
671
670
670
669
669
668
668
668
667
667
666
666
666
666
666
664
664
664
663
663
663
662
662
662
662
662
661
661
661
661
660
660
660
660
660
660
659
659
659
659
658
658
658
657
657
656
656
655
654
653
652
652
651
651
651
650
650
650
649
649
648
647
647
647
647
647
647
646
646
646
646
646
646
645
645
644
643
642
641
641
640
640
639
639
639
637
634
634
634
634
634
634
632
632
631
631
631
630
630
630
630
630
629
628
628
628
626
626
624
624
623
623
621
621
621
621
620
620
619
619
618
616
616
615
615
615
615
614
614
614
613
612
612
611
610
610
608
608
607
607
606
606
605
605
605
604
604
604
602
602
602
601
601
598
598
598
597
597
597
597
597
594
594
594
593
593
593
592
591
591
591
591
591
591
590
590
589
589
589
589
588
588
588
587
586
586
586
586
585
584
583
583
582
582
581
581
579
578
578
577
577
577
577
577
577
576
576
576
575
575
574
574
574
573
573
570
570
570
570
570
570
569
568
568
568
568
567
566
566
565
564
564
563
563
563
562
561
561
560
560
560
560
560
559
559
559
559
559
559
558
558
558
558
557
557
557
557
557
557
557
557
556
556
556
556
555
555
554
554
554
553
552
552
552
552
552
551
551
550
549
549
549
548
548
548
547
547
545
545
545
545
544
543
543
543
542
542
542
541
540
540
540
540
539
538
538
537
536
536
535
535
535
534
534
534
533
532
532
532
532
529
529
529
528
528
528
528
527
527
527
527
527
525
525
525
525
524
524
524
523
523
522
522
522
520
520
519
519
518
517
517
517
515
515
515
514
513
513
512
512
511
510
510
510
509
509
509
508
508
507
507
507
506
506
506
504
504
504
503
502
501
501
501
500
499
498
497
496
495
495
494
494
493
493
492
492
492
492
491
491
491
491
490
490
489
489
489
489
489
488
488
488
487
487
486
485
484
484
484
483
483
483
483
483
483
482
482
482
482
482
481
481
481
481
480
479
479
479
479
478
478
477
477
477
477
476
476
476
476
475
474
473
473
473
473
472
472
472
472
471
471
471
471
471
470
470
470
469
469
469
469
468
468
468
468
467
467
466
466
464
463
460
460
460
459
459
458
458
457
457
457
455
455
454
454
454
453
453
453
452
452
452
451
451
451
450
450
450
449
449
449
448
447
447
447
447
446
446
446
446
445
445
445
445
445
444
444
443
442
442
442
441
441
440
440
439
438
438
438
437
437
437
436
435
435
435
435
434
434
433
432
431
431
429
428
428
428
427
427
426
426
425
425
424
423
423
423
422
422
421
419
419
419
419
419
418
417
417
417
416
416
415
415
412
412
412
412
412
412
412
411
411
410
410
410
410
409
409
408
408
407
407
407
407
407
406
405
405
405
405
403
401
401
401
401
400
400
400
400
400
399
398
398
398
397
397
397
397
397
396
395
395
395
395
395
394
393
393
393
392
391
391
391
390
390
389
388
388
387
387
386
386
385
384
384
384
384
383
383
383
382
382
382
382
381
380
379
379
379
379
378
378
378
378
378
377
376
376
376
375
375
374
374
374
374
373
373
373
371
370
370
370
369
369
369
368
366
365
365
365
364
364
364
363
363
363
362
361
360
359
358
356
355
355
355
355
354
353
353
352
351
350
350
348
348
348
348
347
347
347
346
345
345
345
344
344
344
344
343
342
341
340
339
339
337
337
337
337
336
336
335
334
334
333
333
332
332
331
331
331
330
330
330
330
330
330
329
327
325
325
325
325
324
324
323
323
322
322
322
322
321
321
320
320
320
319
319
319
319
317
317
317
317
317
316
316
315
315
315
314
314
314
314
314
314
313
312
312
312
312
311
311
311
310
309
308
307
307
307
306
305
305
304
304
304
304
303
302
302
301
301
301
300
300
299
299
298
298
298
297
297
295
295
294
294
293
293
293
293
293
292
292
291
291
291
290
290
289
289
289
289
289
289
288
288
288
287
287
287
287
286
286
286
286
286
286
285
284
284
283
282
282
281
281
281
281
281
280
279
279
277
277
276
276
276
276
276
275
274
274
273
273
272
272
271
271
271
271
271
270
270
269
269
269
268
267
267
267
266
266
265
265
265
265
265
264
263
263
263
262
262
262
261
261
261
261
260
259
259
259
259
259
258
257
257
256
256
256
256
255
255
254
254
253
253
253
252
252
251
250
250
249
248
248
248
247
247
246
246
245
245
244
243
242
240
240
240
240
239
239
239
239
238
238
237
237
237
237
237
237
237
237
236
236
236
236
236
235
235
234
234
234
233
231
231
230
230
230
229
228
228
227
227
227
225
224
224
224
223
222
222
222
222
222
221
221
221
220
220
220
220
218
217
217
217
217
216
214
213
212
212
211
211
211
211
211
211
209
208
208
208
208
207
207
207
206
206
206
206
206
205
204
204
204
203
202
200
200
198
198
198
197
197
197
196
196
196
195
194
194
193
193
192
192
192
192
191
191
190
190
190
189
189
188
188
188
187
187
187
186
186
186
186
185
184
184
183
183
183
183
182
182
182
182
180
179
179
178
177
177
177
177
176
176
175
175
175
174
174
174
174
174
173
173
173
173
172
172
172
171
171
171
169
169
168
168
168
167
167
167
166
166
166
164
164
164
163
162
162
162
162
161
161
161
161
160
160
159
159
158
158
158
158
158
157
157
156
155
155
155
153
153
153
153
153
153
152
152
152
150
150
149
149
149
148
148
147
147
146
146
146
145
145
145
144
144
143
142
141
141
141
141
141
141
140
139
139
139
138
137
136
136
135
135
134
134
134
133
133
133
133
131
131
131
129
129
129
128
128
127
126
126
125
124
124
123
122
122
122
121
121
119
118
116
116
116
115
115
115
114
113
113
111
111
110
110
109
109
108
108
108
107
107
107
107
107
107
106
106
106
105
104
104
104
104
104
103
103
103
102
102
102
102
100
100
100
99
99
99
99
99
99
99
99
99
99
99
99
99
99
99
99
99
99
99
99
99
99
99
98
98
98
98
98
98
98
98
98
98
98
98
98
98
98
98
98
98
98
98
98
98
97
97
97
97
97
97
97
97
97
97
97
97
97
97
97
97
97
97
97
97
97
97
96
96
96
96
96
96
96
96
96
96
96
96
96
96
96
96
96
96
96
96
96
96
95
95
95
95
95
95
95
95
95
95
95
95
95
95
95
95
95
95
95
95
95
95
95
95
95
94
94
94
94
94
94
94
94
94
94
94
94
94
94
94
94
94
94
94
94
94
94
94
94
93
93
93
93
93
93
93
93
93
93
93
93
93
93
93
93
93
93
93
93
93
93
92
92
92
92
92
92
92
92
92
92
92
92
92
92
92
92
92
92
92
92
92
92
92
92
92
91
91
91
91
91
91
91
91
91
91
91
91
91
91
91
91
91
91
91
91
91
90
90
90
90
90
90
90
90
90
90
90
90
90
90
90
90
90
90
90
90
90
90
90
90
90
90
90
90
90
90
90
90
90
90
90
89
89
89
89
89
89
89
89
89
89
89
89
89
89
89
89
89
89
89
88
88
88
88
88
88
88
88
88
88
88
88
88
88
88
88
88
88
88
88
88
88
88
88
88
88
87
87
87
87
87
87
87
87
87
87
87
87
87
87
87
87
87
87
87
87
87
86
86
86
86
86
86
86
86
86
86
86
86
86
86
86
86
86
86
86
86
86
85
85
85
85
85
85
85
85
85
85
85
85
85
85
85
85
85
85
85
85
85
85
85
85
84
84
84
84
84
84
84
84
84
84
84
84
84
84
84
84
84
84
84
84
84
84
84
84
84
84
84
84
84
84
83
83
83
83
83
83
83
83
83
83
83
83
83
83
83
83
83
82
82
82
82
82
82
82
82
82
82
82
82
82
82
82
82
81
81
81
81
81
81
81
81
81
81
81
81
81
81
81
81
81
81
81
81
81
81
81
81
81
80
80
80
80
80
80
80
80
80
80
80
80
80
80
80
80
80
80
80
80
80
79
79
79
79
79
79
79
79
79
79
79
79
79
79
79
79
79
79
79
79
79
79
79
79
79
79
79
79
79
78
78
78
78
78
78
78
78
78
78
78
78
78
78
78
78
78
78
78
78
78
78
78
78
77
77
77
77
77
77
77
77
77
77
77
77
77
77
77
77
77
77
76
76
76
76
76
76
76
76
76
76
76
76
76
76
76
76
76
76
76
76
75
75
75
75
75
75
75
75
75
75
75
75
75
75
75
75
75
75
75
75
75
75
74
74
74
74
74
74
74
74
74
74
74
74
74
74
74
74
74
74
74
74
74
74
74
74
74
74
74
74
73
73
73
73
73
73
73
73
73
73
73
73
73
73
73
73
73
73
73
73
73
72
72
72
72
72
72
72
72
72
72
72
72
72
72
72
72
71
71
71
71
71
71
71
71
71
71
71
71
71
71
71
70
70
70
70
70
70
70
70
70
70
70
70
70
70
70
70
70
70
70
70
70
70
69
69
69
69
69
69
69
69
69
69
69
69
69
69
69
69
69
69
69
69
69
69
69
68
68
68
68
68
68
68
68
68
68
68
68
68
68
68
68
68
68
68
68
68
68
68
67
67
67
67
67
67
67
67
67
67
67
67
67
67
67
67
67
67
67
67
67
67
67
67
67
67
66
66
66
66
66
66
66
66
66
66
66
66
66
66
66
66
66
66
65
65
65
65
65
65
65
65
65
65
65
65
65
65
65
65
65
65
65
65
65
65
65
65
65
65
65
65
65
64
64
64
64
64
64
64
64
64
64
64
64
64
64
64
64
64
64
63
63
63
63
63
63
63
63
63
63
63
63
63
63
63
63
62
62
62
62
62
62
62
62
62
62
62
62
62
62
62
62
61
61
61
61
61
61
61
61
61
61
61
61
61
61
61
61
61
61
61
61
61
61
61
61
61
60
60
60
60
60
60
60
60
60
60
60
60
60
59
59
59
59
59
59
59
59
59
59
59
59
59
59
59
59
59
59
59
59
59
59
59
58
58
58
58
58
58
58
58
58
58
58
58
58
58
58
58
58
58
57
57
57
57
57
57
57
57
57
57
57
57
57
57
57
57
57
57
57
57
57
57
57
57
57
57
57
56
56
56
56
56
56
56
56
56
56
56
56
56
56
56
56
56
56
56
56
55
55
55
55
55
55
55
55
55
55
55
55
55
55
55
55
55
55
55
55
55
55
55
55
55
55
55
55
54
54
54
54
54
54
54
54
54
54
54
54
54
54
54
54
54
54
54
54
54
54
54
53
53
53
53
53
53
53
53
53
53
53
53
53
53
53
53
53
53
53
53
53
53
52
52
52
52
52
52
52
52
52
52
52
52
52
52
52
52
52
52
52
52
52
52
51
51
51
51
51
51
51
51
51
51
51
51
51
51
51
51
51
51
51
51
51
51
51
50
50
50
50
50
50
50
50
50
50
50
50
50
50
50
50
50
50
49
49
49
49
49
49
49
49
49
49
49
49
49
49
49
49
49
49
49
48
48
48
48
48
48
48
48
48
48
48
48
48
47
47
47
47
47
47
47
47
47
47
47
47
47
47
47
47
47
47
46
46
46
46
46
46
46
46
46
46
46
46
46
46
46
46
46
46
46
45
45
45
45
45
45
45
45
45
45
45
45
45
45
45
45
45
45
45
45
45
44
44
44
44
44
44
44
44
44
44
44
44
44
44
44
44
44
44
44
44
44
44
43
43
43
43
43
43
43
43
43
43
43
43
43
43
43
43
43
43
43
43
43
43
43
43
43
43
43
42
42
42
42
42
42
42
42
42
42
42
42
42
42
42
42
42
42
42
42
42
42
42
42
42
42
42
42
42
42
42
41
41
41
41
41
41
41
41
41
41
41
41
41
41
40
40
40
40
40
40
40
40
40
40
40
40
40
40
40
40
40
40
40
40
40
40
40
40
40
40
40
40
40
39
39
39
39
39
39
39
39
39
39
39
39
39
39
39
39
39
39
39
39
39
39
38
38
38
38
38
38
38
38
38
38
38
38
38
38
38
38
38
38
38
38
38
38
37
37
37
37
37
37
37
37
37
37
37
37
37
37
37
37
37
37
37
37
36
36
36
36
36
36
36
36
36
36
36
36
36
36
36
36
36
36
36
36
36
36
36
36
35
35
35
35
35
35
35
35
35
35
35
35
35
35
35
35
35
35
35
35
35
35
34
34
34
34
34
34
34
34
34
34
34
34
34
34
34
34
34
34
34
33
33
33
33
33
33
33
33
33
33
33
33
33
33
33
33
33
33
33
33
33
33
33
33
33
32
32
32
32
32
32
32
32
32
32
32
32
32
32
32
32
32
32
32
32
32
32
32
31
31
31
31
31
31
31
31
31
31
31
31
31
31
31
31
30
30
30
30
30
30
30
30
30
30
30
30
30
30
30
30
30
30
29
29
29
29
29
29
29
29
29
29
29
29
29
29
29
29
29
29
29
29
28
28
28
28
28
28
28
28
28
28
28
28
28
28
28
28
28
28
28
28
28
27
27
27
27
27
27
27
27
27
27
27
27
27
27
27
27
27
27
27
27
27
27
27
26
26
26
26
26
26
26
26
26
26
26
26
26
26
26
26
26
26
26
26
26
26
26
26
26
25
25
25
25
25
25
25
25
25
25
25
25
25
25
25
25
25
25
24
24
24
24
24
24
24
24
24
24
24
24
24
24
24
24
24
24
24
24
24
24
23
23
23
23
23
23
23
23
23
23
23
23
23
23
23
23
23
23
23
23
23
22
22
22
22
22
22
22
22
22
22
22
22
22
22
22
22
22
22
22
22
22
22
22
22
21
21
21
21
21
21
21
21
21
21
21
21
21
21
21
21
21
21
21
21
21
20
20
20
20
20
20
20
20
20
20
20
20
20
20
20
20
20
20
19
19
19
19
19
19
19
19
19
19
19
19
19
19
19
19
19
19
19
19
19
18
18
18
18
18
18
18
18
18
18
18
18
18
18
18
18
18
18
18
18
18
18
18
17
17
17
17
17
17
17
17
17
17
17
17
17
17
17
17
17
17
17
17
16
16
16
16
16
16
16
16
16
16
16
16
16
16
16
16
16
16
15
15
15
15
15
15
15
15
15
15
15
15
15
15
15
15
15
15
15
15
15
15
14
14
14
14
14
14
14
14
14
14
14
14
14
14
13
13
13
13
13
13
13
13
13
13
13
13
13
13
13
13
13
13
13
13
13
13
13
13
13
13
13
13
13
12
12
12
12
12
12
12
12
12
12
12
12
12
12
12
12
12
12
12
12
12
12
11
11
11
11
11
11
11
11
11
11
11
11
11
11
11
11
11
11
11
11
11
11
11
11
11
11
10
10
10
10
10
10
10
10
10
10
10
10
10
10
10
10
10
10
10
10
10
10
10
10
10
10
10
10
10
9
9
9
9
9
9
9
9
9
9
9
9
9
9
9
9
9
9
9
9
9
9
9
9
9
9
9
9
9
9
9
8
8
8
8
8
8
8
8
8
8
8
8
8
8
8
8
8
8
8
8
8
8
8
8
8
8
8
8
8
8
8
8
7
7
7
7
7
7
7
7
7
7
7
7
7
7
7
7
7
7
7
7
7
7
7
7
7
7
7
6
6
6
6
6
6
6
6
6
6
6
6
6
6
6
6
6
6
6
6
6
6
6
5
5
5
5
5
5
5
5
5
5
5
5
5
5
5
5
5
5
5
5
5
5
5
5
4
4
4
4
4
4
4
4
4
4
4
4
4
4
4
4
4
4
4
4
4
3
3
3
3
3
3
3
3
3
3
3
3
3
3
3
3
3
3
3
3
3
3
3
3
3
2
2
2
2
2
2
2
2
2
2
2
2
2
2
2
2
2
2
2
2
1
1
1
1
1
1
1
1
1
1
1
1
1
1
1
1
1
1
1
1
1
1
1
1
1
0
0
0
0
0
0
0
0
0
0
0
0
0
0
0
0
0
0
0
0
