990882
981027
974783
966888
956402
949984
948863
943184
931330
930966
930465
928787
927134
925853
922936
921549
917480
915624
910768
909435
898432
894910
892360
887200
883468
879184
876217
860776
859270
857513
855082
849694
848943
842780
837566
837042
827772
821358
814011
801187
798673
795836
785652
784077
779982
776135
775102
773622
768936
766812
761877
761638
756133
753401
752760
747713
738428
738035
733228
731677
726906
719178
718302
697406
695723
658058
656199
647393
644024
642330
640816
639252
637293
634771
630078
629400
619574
608680
606854
599024
590558
575434
567064
562765
553570
545613
534997
506600
494081
485382
481489
479191
476065
475021
462972
453256
451299
447770
445736
443994
438638
434346
427870
422720
413380
410128
399989
399107
394734
392283
391069
388301
386697
386228
381918
375656
367600
340740
332083
325829
309199
308556
300119
294224
285622
279131
275819
273059
266021
260681
258708
256516
251335
246406
246149
243054
241808
240008
238512
237105
235420
228326
224548
218910
211413
191156
185805
179553
167573
167491
167402
158333
156864
148983
147914
147906
147025
145888
126004
119967
115684
114842
114602
114345
112278
109490
100454
99950
99695
98969
97874
97239
96498
96448
95817
95311
95303
94922
94687
94481
93583
93565
93400
92979
91960
91655
90135
89902
89180
88711
88675
88133
87188
87082
86938
86022
84894
83745
82874
82781
82643
82573
80877
78989
78900
78872
78763
78577
78358
77877
77503
75545
75505
75365
75236
75203
74889
74594
74252
73898
73335
72886
72553
71972
71770
71725
70783
70715
70375
70008
69324
68991
68413
68093
67290
67054
66946
66416
65285
65167
65122
63943
63295
63218
62785
62091
61983
61799
61122
60987
60639
60455
60300
60262
60116
59926
58496
58472
57699
57278
56855
56807
56677
56317
55145
54663
54185
54055
53698
53209
52257
51564
51402
50820
50641
50487
48841
48507
48325
47420
47296
47092
46985
45629
45586
45389
45140
45036
43020
42978
42441
42223
41652
41512
41329
41205
40280
39679
39615
39490
39405
39115
38265
38263
37901
37373
37049
36932
36704
36018
35748
35492
35480
35118
34593
34438
33230
32839
32001
31229
31219
30500
30247
28893
28123
27245
27185
25059
24344
23361
23178
23021
22300
21904
21413
21153
21110
20082
19130
18532
17839
17389
16540
16221
16124
15976
15706
15469
15367
15164
14922
14891
13707
13619
13464
13170
13070
12670
11409
11175
11143
10690
10375
10166
10154
10095
9893
9875
9863
9751
9739
9731
9731
9723
9708
9677
9672
9626
9564
9497
9449
9419
9385
9378
9208
9186
9180
9118
9067
9005
8992
8991
8973
8965
8939
8935
8759
8747
8730
8730
8716
8645
8594
8506
8455
8450
8444
8310
8263
8260
8205
8197
8090
8005
7990
7956
7848
7823
7785
7720
7549
7327
7318
7311
7268
7222
7170
7168
7138
7101
7025
6964
6933
6868
6849
6793
6789
6775
6694
6513
6489
6263
6262
6258
6223
6219
6168
6117
6080
6073
6061
5967
5945
5945
5939
5914
5903
5901
5896
5886
5879
5871
5790
5778
5766
5697
5658
5636
5609
5570
5492
5412
5330
5250
5228
5145
5112
5110
5072
5060
5014
4988
4955
4864
4850
4829
4792
4773
4760
4717
4649
4612
4557
4549
4549
4539
4522
4520
4444
4439
4298
4277
4266
4266
4252
4251
4219
4109
4095
3838
3817
3811
3807
3778
3765
3711
3710
3709
3654
3613
3572
3562
3560
3556
3539
3371
3256
3221
3135
3113
3097
3066
2980
2680
2645
2584
2559
2404
2397
2353
2344
2343
2307
2245
2150
2145
2035
2010
1974
1895
1886
1869
1848
1824
1779
1759
1706
1655
1618
1482
1445
1413
1314
1233
1190
1137
1126
1109
1098
1081
1034
999
999
995
989
988
981
978
976
973
972
971
957
953
946
942
941
937
935
930
922
917
916
912
902
900
900
900
899
898
891
890
889
883
882
880
879
879
877
875
871
859
848
846
843
842
834
831
828
826
822
822
820
817
815
814
810
807
805
798
794
786
782
780
775
774
767
759
753
751
745
735
735
728
727
726
717
715
713
706
702
702
698
696
694
693
684
683
679
679
678
677
676
674
672
671
670
660
657
656
654
647
642
639
634
632
630
629
628
628
626
624
623
622
615
607
606
602
602
600
600
591
588
586
582
565
562
561
561
559
552
551
547
541
537
533
527
517
499
492
486
485
485
479
477
474
471
464
460
458
457
445
445
438
438
435
432
417
411
402
400
395
388
382
381
380
378
378
353
352
346
337
335
330
330
326
321
310
298
297
297
294
283
280
280
273
262
259
258
257
246
243
238
231
231
229
226
222
222
219
218
218
210
197
188
184
181
175
174
173
173
173
171
158
154
152
152
147
145
138
126
125
123
122
121
119
117
116
113
103
98
98
97
97
97
96
96
96
95
95
94
94
94
93
93
92
92
92
92
91
89
89
89
89
88
86
86
85
85
85
84
84
84
83
83
82
82
81
81
81
81
81
80
80
79
79
78
77
77
77
76
76
74
74
74
74
73
73
72
72
72
71
68
67
66
65
65
64
64
63
62
62
61
60
60
60
60
59
59
59
58
58
58
58
57
57
56
56
55
55
55
55
54
54
53
53
53
53
53
53
53
52
51
51
49
49
48
47
47
47
47
46
45
45
44
44
44
44
43
43
43
39
39
38
38
38
38
37
37
36
36
36
35
35
34
34
34
34
33
33
32
32
32
32
31
31
31
30
30
29
28
28
27
27
27
27
25
24
23
23
23
22
22
22
22
21
21
21
20
20
19
17
17
16
16
16
14
14
12
11
11
10
10
7
7
7
6
5
5
4
4
3
3
3
2
1
1
0
0
0
