0
0
0
1
1
2
3
3
3
4
4
5
5
6
7
7
7
10
10
11
11
12
14
14
16
16
16
17
17
19
20
20
21
21
21
22
22
22
22
23
23
23
24
25
27
27
27
27
28
28
29
30
30
31
31
31
32
32
32
32
33
33
34
34
34
34
35
35
36
36
36
37
37
38
38
38
38
39
39
43
43
43
44
44
44
44
45
45
46
47
47
47
47
48
49
49
51
51
52
53
53
53
53
53
53
53
54
54
55
55
55
55
56
56
57
57
58
58
58
58
59
59
59
60
60
60
60
61
62
62
63
64
64
65
65
66
67
68
71
72
72
72
73
73
74
74
74
74
76
76
77
77
77
78
79
79
80
80
81
81
81
81
81
82
82
83
83
84
84
84
85
85
85
86
86
88
89
89
89
89
91
92
92
92
92
93
93
94
94
94
95
95
96
96
96
97
97
97
98
98
103
113
116
117
119
121
122
123
125
126
138
145
147
152
152
154
158
171
173
173
173
174
175
181
184
188
197
210
218
218
219
222
222
226
229
231
231
238
243
246
257
258
259
262
273
280
280
283
294
297
297
298
310
321
326
330
330
335
337
346
352
353
378
378
380
381
382
388
395
400
402
411
417
432
435
438
438
445
445
457
458
460
464
471
474
477
479
485
485
486
492
499
517
527
533
537
541
547
551
552
559
561
561
562
565
582
586
588
591
600
600
602
602
606
607
615
622
623
624
626
628
628
629
630
632
634
639
642
647
654
656
657
660
670
671
672
674
676
677
678
679
679
683
684
693
694
696
698
702
702
706
713
715
717
726
727
728
735
735
745
751
753
759
767
774
775
780
782
786
794
798
805
807
810
814
815
817
820
822
822
826
828
831
834
842
843
846
848
859
871
875
877
879
879
880
882
883
889
890
891
898
899
900
900
900
902
912
916
917
922
930
935
937
941
942
946
953
957
971
972
973
976
978
981
988
989
995
999
999
1034
1081
1098
1109
1126
1137
1190
1233
1314
1413
1445
1482
1618
1655
1706
1759
1779
1824
1848
1869
1886
1895
1974
2010
2035
2145
2150
2245
2307
2343
2344
2353
2397
2404
2559
2584
2645
2680
2980
3066
3097
3113
3135
3221
3256
3371
3539
3556
3560
3562
3572
3613
3654
3709
3710
3711
3765
3778
3807
3811
3817
3838
4095
4109
4219
4251
4252
4266
4266
4277
4298
4439
4444
4520
4522
4539
4549
4549
4557
4612
4649
4717
4760
4773
4792
4829
4850
4864
4955
4988
5014
5060
5072
5110
5112
5145
5228
5250
5330
5412
5492
5570
5609
5636
5658
5697
5766
5778
5790
5871
5879
5886
5896
5901
5903
5914
5939
5945
5945
5967
6061
6073
6080
6117
6168
6219
6223
6258
6262
6263
6489
6513
6694
6775
6789
6793
6849
6868
6933
6964
7025
7101
7138
7168
7170
7222
7268
7311
7318
7327
7549
7720
7785
7823
7848
7956
7990
8005
8090
8197
8205
8260
8263
8310
8444
8450
8455
8506
8594
8645
8716
8730
8730
8747
8759
8935
8939
8965
8973
8991
8992
9005
9067
9118
9180
9186
9208
9378
9385
9419
9449
9497
9564
9626
9672
9677
9708
9723
9731
9731
9739
9751
9863
9875
9893
10095
10154
10166
10375
10690
11143
11175
11409
12670
13070
13170
13464
13619
13707
14891
14922
15164
15367
15469
15706
15976
16124
16221
16540
17389
17839
18532
19130
20082
21110
21153
21413
21904
22300
23021
23178
23361
24344
25059
27185
27245
28123
28893
30247
30500
31219
31229
32001
32839
33230
34438
34593
35118
35480
35492
35748
36018
36704
36932
37049
37373
37901
38263
38265
39115
39405
39490
39615
39679
40280
41205
41329
41512
41652
42223
42441
42978
43020
45036
45140
45389
45586
45629
46985
47092
47296
47420
48325
48507
48841
50487
50641
50820
51402
51564
52257
53209
53698
54055
54185
54663
55145
56317
56677
56807
56855
57278
57699
58472
58496
59926
60116
60262
60300
60455
60639
60987
61122
61799
61983
62091
62785
63218
63295
63943
65122
65167
65285
66416
66946
67054
67290
68093
68413
68991
69324
70008
70375
70715
70783
71725
71770
71972
72553
72886
73335
73898
74252
74594
74889
75203
75236
75365
75505
75545
77503
77877
78358
78577
78763
78872
78900
78989
80877
82573
82643
82781
82874
83745
84894
86022
86938
87082
87188
88133
88675
88711
89180
89902
90135
91655
91960
92979
93400
93565
93583
94481
94687
94922
95303
95311
95817
96448
96498
97239
97874
98969
99695
99950
100454
109490
112278
114345
114602
114842
115684
119967
126004
145888
147025
147906
147914
148983
156864
158333
167402
167491
167573
179553
185805
191156
211413
218910
224548
228326
235420
237105
238512
240008
241808
243054
246149
246406
251335
256516
258708
260681
266021
273059
275819
279131
285622
294224
300119
308556
309199
325829
332083
340740
367600
375656
381918
386228
386697
388301
391069
392283
394734
399107
399989
410128
413380
422720
427870
434346
438638
443994
445736
447770
451299
453256
462972
475021
476065
479191
481489
485382
494081
506600
534997
545613
553570
562765
567064
575434
590558
599024
606854
608680
619574
629400
630078
634771
637293
639252
640816
642330
644024
647393
656199
658058
695723
697406
718302
719178
726906
731677
733228
738035
738428
747713
752760
753401
756133
761638
761877
766812
768936
773622
775102
776135
779982
784077
785652
795836
798673
801187
814011
821358
827772
837042
837566
842780
848943
849694
855082
857513
859270
860776
876217
879184
883468
887200
892360
894910
898432
909435
910768
915624
917480
921549
922936
925853
927134
928787
930465
930966
931330
943184
948863
949984
956402
966888
974783
981027
990882
